NumIndivs 876																														
NumLoci 30																														
Digits 1																														
Format Lumped																														
LocusNames	Ocl107031D	Ocl104216D	Ocl98683D	Ocl102420D	Ocl117815D	Ocl129458D	Ocl110362D	Ocl103122D	Ocl97077D	Ocl123470D	Ocl112669D	Ocl102414D	Ocl127510D	Ocl117144D	Ocl102267D	Ocl118175D	Ocl109693D	Ocl108505D	Ocl111084D	Ocl106747D	Ocl_gshpx-357	Ocl106419D	Ocl107074D	Ocl112208D	Ocl127556D	Ocl101506D	Ocl102567D	Ocl119108D	Ocl96127D	Ocl108820D
1	11	33	22	33	33	44	33	11	22	11	11	44	33	22	11	33	33	33	44	44	11	33	11	12	22	33	33	11	11	33
2	11	33	22	33	33	44	33	11	42	11	11	44	33	22	11	33	33	33	44	44	11	33	11	22	22	33	33	11	11	0
3	11	33	22	33	33	44	33	11	22	11	11	44	33	22	11	33	33	33	44	44	21	33	11	22	22	33	33	11	11	0
4	11	33	22	33	33	44	33	11	22	11	11	44	33	22	11	33	33	33	44	44	11	33	11	22	22	33	33	11	11	0
5	11	33	22	33	33	44	33	11	22	11	11	44	33	22	11	33	33	33	44	44	11	33	11	22	22	33	33	11	11	0
6	11	33	22	33	33	44	33	11	22	11	11	44	33	22	11	33	33	33	44	44	11	33	11	22	22	33	33	11	11	0
7	11	33	22	33	33	44	33	11	22	11	11	44	33	22	11	33	33	33	44	44	11	33	11	22	22	33	33	11	11	0
8	11	33	22	33	33	44	33	11	22	11	11	44	33	22	11	33	33	33	44	44	21	33	11	22	22	33	33	11	11	0
9	11	33	22	33	33	44	33	11	22	11	11	44	33	22	11	33	33	33	44	44	11	33	11	22	22	33	33	11	11	0
10	11	33	22	33	33	44	33	11	22	11	11	44	33	22	11	33	33	33	44	44	11	33	11	22	22	33	33	11	11	0
11	11	33	22	33	33	44	33	11	22	11	11	44	33	22	11	33	33	33	44	44	11	33	11	22	22	33	33	11	11	0
12	11	33	22	33	33	44	33	11	22	11	11	44	33	22	11	33	33	33	44	44	11	33	11	22	22	33	33	11	11	0
13	11	33	22	33	33	44	33	11	22	11	11	44	33	22	11	33	33	33	44	44	11	33	11	22	22	33	33	11	11	0
14	11	33	22	33	33	44	33	11	22	11	11	44	33	22	11	33	33	33	44	44	11	33	11	22	22	33	33	11	11	0
15	11	33	22	33	33	44	33	11	22	11	11	44	33	22	11	33	33	33	44	44	21	33	11	22	22	33	33	11	11	0
16	11	33	22	33	33	44	33	11	22	11	11	44	33	22	11	33	33	33	44	44	11	33	11	22	22	33	33	11	11	0
17	11	33	22	33	33	44	33	11	22	11	11	44	33	22	11	33	33	33	44	44	11	33	11	22	22	33	33	11	11	0
18	11	33	22	33	33	44	33	11	22	11	11	44	33	22	11	33	33	33	44	44	11	33	11	22	22	33	33	11	11	0
19	11	33	22	33	33	44	33	11	22	11	11	44	33	22	11	33	33	33	44	44	11	33	11	22	22	33	33	11	11	0
20	11	33	22	33	33	44	33	11	22	11	11	44	33	22	11	33	33	33	44	44	11	33	11	22	22	33	33	11	11	0
21	11	33	22	33	33	44	33	11	22	11	11	44	33	22	11	33	33	33	44	44	11	33	11	22	22	33	33	11	11	0
22	11	33	22	33	33	44	33	11	22	11	11	44	33	22	11	33	33	33	44	44	11	33	11	22	22	33	33	11	11	0
23	11	33	22	33	33	44	33	11	22	11	11	44	33	22	11	33	33	33	44	44	11	33	11	22	22	33	33	11	11	0
24	11	33	22	33	33	44	33	11	22	11	11	44	33	22	11	33	33	33	44	44	11	33	11	22	22	33	33	11	11	0
25	11	33	22	33	33	44	33	11	22	11	11	44	33	22	11	33	33	33	44	44	11	33	11	22	22	33	33	11	11	0
26	11	33	22	33	33	44	33	11	22	11	11	44	33	22	11	33	33	33	44	44	21	33	11	22	22	33	33	11	11	0
27	11	33	22	33	33	44	33	11	42	11	11	44	33	22	11	33	33	33	44	44	11	33	11	22	22	33	33	11	11	0
28	11	33	22	33	33	44	33	11	22	11	11	44	33	22	11	33	33	33	44	44	11	33	11	22	22	33	33	11	11	0
29	11	33	22	33	33	44	33	11	42	11	11	44	33	22	11	33	33	33	44	44	11	33	11	22	22	33	33	11	11	0
30	11	33	22	33	33	44	33	11	22	11	11	44	33	22	11	33	33	33	44	44	11	33	11	12	22	33	33	11	11	0
31	11	33	22	33	33	44	33	11	22	11	11	44	33	22	11	33	33	33	44	44	11	33	11	22	22	33	33	11	11	0
32	11	33	22	33	33	44	33	11	22	11	11	44	33	22	11	33	33	33	44	44	11	33	11	22	22	33	33	11	11	0
33	11	33	22	33	33	44	33	11	22	11	11	44	33	22	11	33	33	33	44	44	11	33	11	22	22	33	33	11	11	0
34	33	44	44	44	11	33	11	22	44	33	33	22	11	33	33	11	11	11	11	33	22	11	33	11	33	22	11	44	22	0
35	11	33	22	33	33	44	33	11	22	11	11	44	33	22	11	33	33	33	44	44	11	33	11	22	22	33	33	11	11	0
36	11	33	22	33	33	44	33	11	42	11	11	44	33	22	11	33	33	33	44	44	11	33	11	22	22	33	33	11	11	0
37	11	33	22	33	33	44	33	11	22	11	11	44	33	22	11	33	33	33	44	44	21	33	11	22	22	33	33	11	11	0
38	11	33	22	33	33	44	33	11	22	11	11	44	33	22	11	33	33	33	44	44	22	33	11	22	22	33	33	11	11	0
39	11	33	22	33	33	44	33	11	22	11	11	44	33	22	11	33	33	33	44	44	11	33	11	22	22	33	33	11	11	0
40	11	33	22	33	33	44	33	11	22	11	11	44	33	22	11	33	33	33	44	44	11	33	11	22	22	33	33	11	11	0
41	11	33	22	33	33	44	33	11	22	11	11	44	33	22	11	33	33	33	44	44	11	33	11	22	22	33	33	11	11	0
42	11	33	22	33	33	44	33	11	42	11	11	44	33	22	11	33	33	33	44	44	11	33	11	22	22	33	33	11	11	0
43	11	33	22	33	33	44	33	11	22	11	11	44	33	22	11	33	33	33	44	44	11	33	11	22	22	33	33	11	11	0
44	11	33	22	33	33	44	33	11	22	11	11	44	33	22	11	33	33	33	44	44	11	33	11	22	22	33	33	11	11	0
45	11	33	22	43	13	44	33	11	22	31	31	44	33	23	31	33	13	33	44	43	11	33	11	22	22	33	33	11	21	0
46	11	33	22	33	33	44	33	11	22	11	11	44	33	22	11	33	33	33	44	44	11	33	11	22	22	33	33	11	11	0
47	11	33	22	33	33	44	33	11	22	11	11	44	33	22	11	33	33	33	44	44	11	33	11	22	22	33	33	11	0	0
48	11	33	22	33	33	44	33	11	22	11	11	44	33	22	11	33	33	33	44	44	11	33	11	22	22	33	33	11	11	33
49	11	33	22	33	33	44	33	11	22	11	11	44	33	22	11	33	33	33	44	44	11	33	11	22	22	33	33	11	11	0
50	11	33	22	33	33	44	33	11	42	11	11	44	33	22	11	33	33	33	44	44	21	33	11	22	22	33	33	11	11	0
51	11	33	22	33	33	44	33	11	22	11	11	44	33	22	11	33	33	33	44	44	11	33	11	22	22	33	33	11	11	0
52	11	33	22	33	33	44	33	11	22	11	11	44	33	22	11	33	33	33	44	44	11	33	11	22	22	33	33	11	11	0
53	11	33	22	33	33	44	33	11	22	11	11	44	33	22	11	33	33	33	44	44	11	33	11	22	22	33	33	11	11	0
54	11	34	22	43	33	43	13	11	22	31	31	44	33	22	33	33	33	13	14	43	11	31	31	22	22	23	13	11	11	0
55	11	33	22	33	33	44	13	11	22	11	11	44	33	22	0	33	33	33	44	44	11	33	11	22	22	33	33	11	11	0
56	11	33	22	33	33	44	33	11	22	11	11	44	33	22	11	33	33	33	44	44	11	33	11	22	22	33	33	11	11	0
57	11	33	22	33	33	44	33	11	22	11	11	44	33	22	11	33	33	33	44	44	11	33	11	22	22	33	33	11	11	0
58	11	33	22	33	33	44	33	11	22	11	11	44	33	22	11	33	33	33	44	44	11	33	11	22	22	33	33	11	11	0
59	11	33	22	33	33	44	33	11	22	11	11	44	33	22	11	33	33	33	44	44	11	33	11	22	22	33	33	11	11	0
60	11	33	22	33	33	44	33	11	22	11	11	44	33	22	11	33	33	33	44	44	11	33	11	22	22	33	33	11	11	0
61	11	33	22	33	33	44	33	11	22	11	11	44	33	22	11	33	33	33	44	44	11	33	11	22	22	33	33	11	11	0
62	31	34	42	43	33	44	13	11	42	31	31	24	13	23	31	13	13	13	14	44	21	33	31	12	32	33	0	41	21	0
63	11	33	22	33	33	44	33	11	22	11	11	44	33	22	11	33	33	33	44	44	11	33	11	22	22	33	33	11	11	0
64	11	33	22	33	33	44	33	11	22	11	11	44	33	22	11	33	33	33	44	44	11	33	11	22	22	33	33	11	11	0
65	11	33	22	33	33	44	33	11	22	11	11	44	33	22	11	33	33	33	44	44	11	33	11	22	22	33	33	11	11	0
66	11	33	22	33	33	44	33	11	22	11	11	44	33	22	11	33	33	33	44	44	11	33	11	22	22	33	33	11	11	0
67	11	33	22	33	33	44	33	11	22	11	11	44	33	22	11	33	33	33	44	44	11	33	11	22	22	33	33	11	11	0
68	11	33	22	33	33	44	33	11	22	11	11	44	33	22	11	33	33	33	44	44	21	33	11	22	22	33	33	11	11	0
69	11	33	22	33	33	44	33	11	22	11	11	44	33	22	11	33	33	33	44	44	11	33	11	22	22	33	33	11	11	0
70	11	33	22	33	33	44	33	11	22	11	11	44	33	22	11	33	33	33	44	44	11	33	11	22	22	33	33	11	11	0
71	11	33	22	33	33	44	33	11	22	31	11	44	33	22	11	33	33	33	44	44	11	33	11	22	22	33	33	11	11	0
72	11	33	22	33	33	44	33	11	22	31	11	44	33	22	11	33	33	33	44	44	11	33	11	22	22	33	33	11	11	0
73	11	33	22	33	33	44	33	11	22	11	11	44	33	22	11	33	33	33	44	44	11	33	11	22	22	33	33	11	11	0
74	11	33	22	33	33	44	33	11	22	11	11	44	33	22	11	33	33	33	44	44	11	33	11	22	22	33	33	11	11	0
75	11	33	22	33	33	44	33	11	22	11	11	44	33	22	11	33	33	33	44	44	21	33	11	22	22	33	33	11	11	0
76	11	33	22	33	33	44	33	11	22	11	11	44	33	22	11	33	33	33	44	44	11	33	11	22	22	33	33	11	11	0
77	11	33	22	33	33	44	33	11	22	11	11	44	33	22	11	33	33	33	44	44	11	33	11	22	22	33	33	11	11	0
78	11	33	22	33	33	44	33	11	22	11	11	44	33	22	11	33	33	33	44	44	11	33	11	22	22	33	33	11	11	0
79	11	33	22	33	33	44	33	11	22	11	11	44	33	22	11	33	33	33	44	44	11	33	11	22	22	33	33	11	11	0
80	11	33	22	33	33	44	33	11	22	11	11	44	33	22	11	33	33	33	44	44	11	33	11	22	22	33	33	11	11	0
81	11	33	22	33	33	44	33	11	22	11	11	44	33	22	11	33	33	33	44	44	11	33	11	22	22	33	33	11	11	0
82	11	33	22	33	33	44	33	11	22	11	11	44	33	22	11	33	33	33	44	44	11	33	11	22	22	33	33	11	11	0
83	11	33	22	33	33	44	33	11	22	11	11	44	33	22	11	33	33	33	44	44	21	33	11	22	22	33	33	11	11	0
84	11	33	22	33	33	44	33	11	22	11	11	44	33	22	11	33	33	33	44	44	11	33	11	22	22	33	33	11	11	0
85	11	33	22	33	33	44	33	11	22	11	11	44	33	22	11	33	33	33	44	44	11	33	11	22	22	33	33	11	11	0
86	11	33	22	33	33	44	33	11	22	11	11	44	33	22	11	33	33	33	44	44	11	33	11	22	22	33	33	11	11	0
87	11	33	22	33	33	44	33	11	22	31	11	44	33	22	11	33	33	33	44	44	21	33	11	22	22	33	33	11	11	0
88	11	33	22	33	33	44	33	11	22	11	11	44	33	22	11	33	33	33	44	44	11	33	11	22	22	33	33	11	11	0
89	11	33	22	33	33	44	33	11	22	11	11	44	33	22	11	33	33	33	44	44	11	33	11	22	22	33	33	11	11	0
90	11	33	22	33	33	44	33	11	22	11	11	44	33	22	11	33	33	33	44	44	11	33	11	22	22	33	33	11	11	0
91	11	33	22	33	33	44	33	11	22	11	11	44	33	22	11	33	33	33	44	44	11	33	11	22	22	33	33	11	11	0
92	11	33	22	33	33	44	33	11	22	11	11	44	33	22	11	33	33	33	44	44	11	33	11	22	22	33	33	11	11	0
93	11	33	22	33	33	44	33	11	22	11	11	44	33	22	11	33	33	33	44	44	11	33	11	22	22	33	33	11	11	0
94	11	33	42	33	33	44	13	11	42	31	31	24	13	23	0	13	13	13	44	44	11	31	11	12	22	23	13	11	21	0
95	11	33	22	33	33	44	33	11	22	11	11	44	33	22	11	33	33	33	44	44	21	33	11	22	22	33	33	11	11	0
96	11	33	22	33	33	44	33	11	22	11	11	44	33	22	11	33	33	33	44	44	11	33	11	22	22	33	33	11	11	33
97	11	33	22	33	33	44	33	11	22	11	11	44	33	22	11	33	33	33	44	44	11	33	11	22	22	33	33	11	11	33
98	11	33	22	33	33	44	33	11	22	11	11	44	33	22	11	33	33	33	44	44	11	33	11	22	22	33	33	11	11	33
99	11	33	22	33	33	44	33	11	22	11	11	44	33	22	11	33	33	33	44	44	11	33	11	22	22	33	33	11	11	33
100	11	33	22	33	33	44	33	11	22	11	11	44	33	22	11	33	33	33	44	44	22	33	11	22	22	33	33	11	11	33
101	33	44	44	44	11	33	11	22	44	33	33	22	11	33	33	11	11	11	11	33	22	11	33	11	33	22	11	44	22	44
102	11	33	22	33	33	44	33	11	22	11	11	44	33	22	11	33	33	33	44	44	11	33	11	22	22	33	33	11	11	33
103	11	33	22	33	33	44	33	11	42	11	11	44	33	22	11	33	33	33	44	44	11	33	11	22	22	33	33	11	11	33
104	11	33	22	33	33	44	33	11	22	11	11	44	33	22	11	33	33	33	44	44	11	33	11	22	22	33	33	11	11	33
105	11	33	22	33	33	44	33	11	22	11	11	44	33	22	11	33	33	33	44	44	11	33	11	22	22	33	33	11	11	33
106	33	44	44	44	11	33	11	22	44	33	33	22	11	33	33	11	11	11	11	33	22	11	33	11	33	22	11	44	22	44
107	11	33	22	33	33	44	33	11	22	11	11	44	33	22	11	33	33	33	44	44	11	33	11	22	22	33	33	11	11	33
108	11	33	22	33	33	44	33	11	22	11	11	44	33	22	11	33	33	33	44	44	11	33	11	22	22	33	33	11	11	33
109	11	33	22	33	33	44	33	11	22	11	11	44	33	22	11	33	33	33	44	44	0	33	11	22	22	33	33	11	11	33
110	11	33	22	33	33	44	33	11	22	11	11	44	33	22	11	33	33	33	44	44	11	33	11	22	22	33	33	11	11	33
111	11	33	22	33	0	44	33	11	42	11	11	44	33	22	11	33	33	33	44	44	11	33	11	22	22	33	33	11	11	33
112	11	33	22	33	33	44	33	11	22	11	11	44	33	22	11	33	33	33	44	44	11	33	11	22	22	33	33	11	11	33
113	33	44	44	44	11	33	11	22	44	33	33	22	11	33	33	11	11	11	11	33	22	11	33	11	33	22	11	44	22	44
114	33	44	44	44	11	33	11	22	44	33	33	22	11	33	33	11	11	11	11	33	22	11	33	11	33	22	11	44	22	44
115	11	33	22	33	33	44	33	11	22	11	11	44	33	22	11	33	33	33	44	44	11	33	11	22	22	33	33	11	11	33
116	11	33	22	33	33	44	33	11	22	11	11	44	33	22	11	33	33	33	44	44	11	33	11	22	22	33	33	11	11	33
117	11	33	22	33	33	44	33	11	22	11	11	44	33	22	11	33	33	33	44	44	11	33	11	22	22	33	33	11	11	33
118	11	33	22	33	33	44	33	11	22	11	11	44	33	22	11	33	33	33	44	44	11	33	11	22	22	33	33	11	11	33
119	11	33	22	33	33	44	33	11	22	11	11	44	33	22	11	33	33	33	44	44	11	33	11	22	22	33	33	11	11	33
120	33	44	44	44	11	33	11	22	44	33	33	22	11	33	33	11	11	11	11	33	22	11	33	11	33	22	11	44	22	44
121	11	33	22	33	33	44	33	11	42	11	11	44	33	22	11	33	33	33	44	44	11	33	11	12	22	33	33	11	11	33
122	11	33	22	33	33	44	33	11	22	31	31	44	13	22	11	33	33	33	44	44	21	31	11	22	22	33	13	11	11	33
123	33	44	44	44	11	33	11	22	44	33	33	22	11	33	33	11	11	11	11	33	22	11	33	11	33	22	11	44	22	44
124	11	33	22	33	33	44	33	11	22	11	11	44	33	22	11	33	33	33	44	44	11	33	11	22	22	33	33	11	11	33
125	11	33	22	33	33	44	33	11	22	11	11	44	33	22	11	33	33	33	44	44	11	33	11	22	22	33	33	11	11	33
126	11	33	22	33	33	44	33	11	22	11	11	44	33	22	11	33	33	33	44	44	11	33	11	22	22	33	33	11	11	33
127	11	33	22	33	33	44	33	11	22	11	11	44	33	22	11	33	33	33	44	44	11	33	11	22	22	33	33	11	11	33
128	11	33	22	33	33	44	33	11	22	11	11	44	33	22	11	33	0	33	44	44	11	33	11	0	22	33	33	11	11	33
129	11	33	22	33	33	44	33	11	22	11	11	44	33	22	11	33	33	33	44	44	11	33	11	22	22	33	33	11	11	33
130	33	44	44	44	11	33	11	22	44	33	33	22	11	33	33	11	11	11	11	33	22	11	33	11	33	22	11	44	22	44
131	11	33	22	33	33	44	33	11	22	11	11	44	33	22	11	33	33	0	44	44	11	33	11	0	22	33	33	11	0	33
132	11	33	22	33	33	44	33	11	22	11	11	44	33	22	11	33	33	33	44	44	11	33	11	22	22	33	33	11	11	33
133	11	33	22	33	33	44	33	11	22	11	11	44	33	22	11	33	33	33	44	44	11	33	11	22	22	33	33	11	11	33
134	31	34	42	43	13	43	13	21	42	31	31	24	13	23	31	13	13	13	14	43	21	31	31	12	32	23	13	41	21	43
135	33	44	44	44	11	33	11	22	44	33	33	22	11	33	33	11	11	11	11	33	22	11	33	11	33	22	11	44	22	44
136	11	33	22	33	33	44	33	11	22	11	11	44	33	22	11	33	33	33	44	44	11	33	11	22	22	33	33	11	11	33
137	11	33	22	33	33	44	33	11	22	11	11	44	33	22	11	33	33	33	44	44	11	33	11	22	22	33	33	11	11	33
138	11	33	22	33	33	44	33	11	22	11	11	44	33	22	11	33	33	33	44	44	11	33	11	22	22	33	33	11	11	33
139	11	33	22	33	33	44	33	11	22	11	11	44	33	22	11	33	33	33	44	44	11	33	11	22	22	33	33	11	11	33
140	11	33	22	33	33	44	33	11	22	11	11	44	33	22	11	33	33	33	44	44	11	33	11	22	22	33	33	11	11	33
141	11	33	22	33	33	44	33	11	22	11	11	44	33	22	11	33	33	33	44	44	11	33	11	22	22	33	33	11	11	33
142	11	33	22	33	33	44	33	11	22	11	31	44	33	22	11	33	33	33	44	44	11	33	11	22	22	33	33	11	11	33
143	11	33	22	33	33	44	33	11	22	11	11	44	33	22	11	33	33	33	44	44	11	33	11	22	22	33	33	11	11	33
144	33	44	44	44	11	33	11	22	44	33	33	22	11	33	33	11	11	11	11	33	22	11	33	11	33	22	11	44	22	44
145	33	44	44	44	11	33	11	22	44	33	33	22	11	33	33	11	11	11	11	33	22	11	33	11	33	22	11	44	22	44
146	33	44	44	44	11	33	11	22	44	33	33	22	11	33	33	11	11	11	11	33	22	11	33	11	33	22	11	44	22	44
147	33	44	44	44	11	33	11	22	44	33	33	22	11	33	33	11	11	11	11	33	22	11	33	11	33	22	11	44	22	44
148	33	44	44	44	11	33	11	22	44	33	33	22	11	33	33	11	11	11	11	33	22	11	33	11	33	22	11	44	22	44
149	31	34	42	43	13	43	13	21	42	31	31	24	13	23	33	13	13	13	14	43	21	31	31	12	32	23	13	41	21	43
150	33	44	44	44	11	33	11	22	44	33	33	22	11	33	33	11	11	11	11	33	22	11	33	11	33	22	11	44	0	44
151	11	33	22	33	33	44	33	11	22	11	11	44	33	22	11	33	33	33	44	44	11	33	11	22	22	33	33	11	11	33
152	11	33	22	33	33	44	33	11	22	11	11	44	33	22	11	33	33	33	44	44	11	33	11	22	22	33	33	11	11	33
153	11	33	22	33	33	44	33	11	22	11	11	44	33	22	11	33	33	33	44	44	11	33	11	22	22	33	33	11	11	33
154	11	33	22	33	33	44	33	11	22	11	11	44	33	22	11	33	33	33	44	44	21	33	11	22	22	33	33	11	11	33
155	11	33	22	33	33	44	33	11	22	11	11	44	33	22	11	33	33	33	44	44	11	33	11	22	22	33	33	11	11	33
156	33	44	44	44	11	33	11	22	44	33	33	22	11	33	33	11	11	11	11	33	22	11	33	11	33	22	11	44	22	44
157	33	44	44	44	11	33	11	22	44	33	33	22	11	33	33	11	11	11	11	33	22	11	33	11	33	22	11	44	22	44
158	11	33	22	33	33	44	33	11	22	11	11	44	33	22	11	33	33	33	44	44	11	33	11	22	22	33	33	11	11	33
159	11	33	22	33	33	44	33	11	42	11	11	44	33	22	11	33	33	33	44	44	11	33	11	22	22	33	33	0	11	33
160	11	33	22	33	33	44	33	11	22	11	11	44	33	22	11	33	33	33	44	44	11	33	11	22	22	33	33	11	11	33
161	33	44	44	44	11	33	11	22	44	33	33	22	11	33	33	11	11	11	11	33	22	11	33	11	33	22	11	44	22	44
162	33	44	44	44	11	33	11	22	44	33	33	22	11	33	33	11	11	0	11	33	22	11	33	11	33	22	11	44	22	44
163	11	33	22	33	33	44	33	11	22	11	11	44	33	22	11	33	33	33	44	44	11	33	11	22	22	33	33	11	11	33
164	33	44	44	44	11	33	11	22	44	33	33	22	11	33	33	11	11	11	11	33	22	11	33	11	33	22	11	44	22	44
165	33	44	44	44	11	33	11	22	44	33	33	22	11	33	33	11	11	11	11	33	22	11	33	11	33	22	11	44	22	44
166	11	33	22	33	33	44	33	11	22	11	11	44	33	22	11	33	33	33	44	44	11	33	11	22	22	33	33	11	11	33
167	11	33	22	33	33	44	33	11	22	11	11	44	33	22	11	33	33	33	44	44	11	33	11	22	22	33	33	11	11	33
168	11	33	22	33	33	44	33	11	22	11	11	44	33	22	11	33	33	33	44	44	11	33	11	22	22	33	33	11	11	33
169	11	33	22	33	33	44	33	11	22	11	11	44	33	22	11	33	33	33	44	44	11	33	11	22	22	33	33	11	11	33
170	11	33	22	33	33	44	33	11	22	11	11	44	33	22	11	33	33	33	44	44	11	33	11	22	22	33	33	11	11	33
171	31	34	42	43	13	43	13	21	42	31	31	24	13	23	11	13	13	13	14	43	21	31	31	12	32	23	13	41	21	43
172	33	44	44	44	11	33	11	22	44	33	33	22	11	33	33	11	11	11	11	33	22	11	33	11	33	22	11	44	22	44
173	33	44	44	44	11	33	11	22	44	33	33	22	11	33	33	11	11	11	11	33	22	11	33	11	33	22	11	44	22	44
174	11	33	22	33	33	44	33	11	22	11	11	44	33	22	11	33	33	33	44	44	11	33	11	22	22	33	33	11	11	33
175	11	33	22	33	33	44	33	11	22	11	11	44	33	22	11	33	33	33	44	44	11	33	11	22	22	33	33	11	11	33
176	33	44	44	44	11	33	11	22	44	33	33	22	11	33	33	11	11	11	11	33	22	11	33	11	33	22	11	44	22	44
177	11	33	22	33	33	44	33	11	22	11	11	44	33	22	11	13	33	33	44	44	11	33	11	22	22	33	33	11	11	33
178	11	33	22	33	33	44	33	11	22	11	11	44	33	22	11	33	33	33	44	44	11	33	11	22	22	33	33	11	11	33
179	11	33	22	33	33	44	33	11	22	11	11	44	33	22	11	33	33	33	44	44	11	33	11	22	22	33	33	11	11	33
180	11	33	22	33	33	44	33	11	22	11	11	44	33	22	11	33	33	33	44	44	11	33	11	22	22	33	33	11	11	33
181	33	44	44	44	11	33	11	22	44	33	33	22	11	33	33	11	11	11	11	33	22	11	33	11	33	22	11	44	22	44
182	11	33	22	33	33	44	33	11	22	11	11	44	33	22	11	33	33	33	44	44	0	33	11	22	22	33	33	11	11	33
183	11	33	22	33	33	44	33	11	22	11	11	44	33	22	11	33	33	33	44	44	11	33	11	22	22	33	33	11	11	33
184	11	33	22	33	33	44	33	11	22	11	11	44	33	22	11	33	33	33	44	44	11	33	11	22	22	33	33	11	11	33
185	11	33	22	33	33	44	33	11	22	11	11	0	33	22	11	33	33	33	44	44	11	33	11	22	22	33	33	11	11	33
186	11	33	22	33	33	44	33	11	22	11	11	44	33	22	11	33	33	33	44	44	11	33	11	22	22	33	33	11	11	33
187	33	44	44	44	11	33	11	22	44	33	33	22	11	33	33	11	11	11	11	33	22	11	33	11	33	22	11	44	22	44
188	11	33	22	33	33	44	33	11	22	11	11	44	33	22	11	33	33	33	44	44	11	33	11	22	22	33	33	11	11	33
189	11	33	22	33	33	44	33	11	22	11	11	44	13	22	11	33	33	33	44	44	11	33	11	22	22	33	33	11	11	33
190	33	44	44	44	11	33	11	22	44	33	33	22	11	33	33	11	0	11	11	33	22	11	33	11	33	22	11	44	22	44
191	11	33	22	33	33	44	33	11	22	11	11	44	33	22	11	33	33	33	44	44	11	33	11	22	22	33	33	41	11	33
192	33	44	44	44	11	33	11	22	44	33	33	22	11	33	33	11	11	11	11	33	22	11	33	11	33	22	11	44	22	44
193	11	33	22	33	33	44	33	11	22	11	11	44	33	22	11	33	33	33	44	44	11	33	11	22	22	33	33	11	11	33
194	11	33	22	33	33	44	33	11	22	11	11	0	33	22	11	33	33	33	44	44	11	33	11	22	22	33	33	11	11	33
195	11	33	22	33	33	44	33	11	22	11	11	44	33	22	11	33	33	33	44	44	11	33	11	22	22	33	33	11	11	33
196	11	33	22	33	33	44	33	11	22	11	11	44	33	22	11	33	33	33	44	44	11	33	11	22	22	33	33	11	11	33
197	11	33	22	33	33	44	33	11	22	11	11	44	33	22	11	33	33	33	44	44	11	33	11	22	22	33	33	11	11	33
198	11	33	22	33	33	44	33	11	22	11	11	44	33	22	11	33	33	33	44	44	11	33	11	22	22	23	33	11	11	33
199	11	33	22	33	33	44	33	11	22	11	11	44	33	22	11	33	33	33	44	44	11	33	11	22	22	33	33	11	11	33
200	11	33	22	33	33	44	33	11	22	11	11	44	33	22	11	33	33	33	44	44	11	33	11	22	22	33	33	11	11	33
201	33	44	44	44	11	33	11	22	44	33	33	22	11	33	33	11	11	11	11	33	22	11	33	11	33	22	11	44	22	44
202	11	33	22	33	33	44	33	11	22	11	31	44	33	22	11	33	33	33	44	44	11	33	11	22	22	33	33	11	11	33
203	11	33	22	33	33	44	33	11	22	11	11	44	33	22	11	33	33	33	44	44	11	33	11	22	22	33	33	11	11	33
204	11	33	22	33	33	44	33	11	22	11	11	44	33	22	11	33	33	33	44	44	11	33	11	22	22	33	33	11	11	33
205	33	44	44	44	11	33	11	22	44	33	33	22	11	33	33	11	11	11	11	33	22	11	33	11	33	22	11	44	22	44
206	11	33	22	33	33	44	33	11	22	11	11	44	33	22	11	33	33	33	44	44	11	33	11	22	22	33	33	11	11	33
207	31	34	42	43	13	43	13	21	42	31	31	24	13	23	31	13	13	13	14	43	21	31	31	12	32	23	13	41	21	43
208	33	44	44	44	11	33	11	22	44	33	33	22	11	33	33	11	11	11	11	33	22	11	33	11	33	22	11	44	22	44
209	11	33	22	33	33	44	33	11	22	11	11	44	33	22	11	33	33	33	44	44	11	33	11	22	22	33	33	11	11	33
210	11	33	22	33	33	44	33	11	22	11	11	44	33	22	11	33	33	33	44	44	11	33	11	22	22	33	33	11	11	33
211	11	33	22	33	33	44	33	11	22	11	11	44	33	22	11	33	33	33	44	44	11	33	11	22	22	33	33	11	11	33
212	11	33	22	33	33	44	33	11	22	11	31	44	33	22	11	33	33	33	44	44	11	33	11	22	22	33	33	11	11	33
213	11	33	22	33	33	44	33	11	22	11	11	44	33	22	11	33	33	33	44	44	11	33	11	22	22	33	33	11	11	33
214	11	33	22	33	33	43	33	11	22	11	11	44	33	22	11	33	33	33	44	44	11	33	11	22	22	33	33	11	11	33
215	11	34	22	33	33	44	33	11	22	11	11	44	33	22	11	33	33	33	44	44	11	33	11	22	22	33	33	11	11	33
216	11	33	22	33	33	44	33	11	22	11	11	44	33	22	11	33	33	33	44	44	11	33	11	22	22	33	33	11	11	33
217	33	44	44	44	11	33	11	22	44	33	33	22	11	33	33	11	11	11	11	33	22	11	33	11	33	22	11	44	22	44
218	11	33	22	33	33	44	33	11	22	11	11	44	33	22	11	33	33	33	44	44	11	33	11	22	22	33	33	11	11	33
219	11	33	22	33	33	44	33	11	22	11	11	44	33	22	11	33	33	33	44	44	11	33	11	22	22	33	33	11	11	33
220	11	33	22	33	33	44	33	11	22	11	11	44	33	22	11	33	33	33	44	44	11	33	11	22	22	33	33	11	11	33
221	11	33	22	33	33	44	33	11	42	11	11	44	33	22	11	33	33	33	44	44	11	33	11	22	22	33	33	11	11	33
222	33	44	44	44	11	33	11	22	44	33	33	22	11	33	33	11	11	11	11	33	22	11	33	11	33	22	11	44	22	44
223	33	44	44	44	11	33	11	22	44	33	33	22	11	33	33	11	11	11	11	33	22	11	33	11	33	22	11	44	22	44
224	11	33	22	33	33	44	33	11	22	11	11	44	33	22	11	33	33	33	44	44	11	33	11	22	22	33	33	11	11	33
225	33	44	44	44	11	33	11	22	44	33	33	22	11	33	33	11	11	11	11	33	22	11	33	11	33	22	11	44	22	44
226	33	44	44	44	11	33	11	22	44	33	33	22	11	33	33	11	11	11	11	33	22	11	33	11	33	22	11	44	22	44
227	33	44	44	44	11	33	11	22	44	33	33	22	11	33	33	11	11	11	11	33	22	11	33	11	33	22	11	44	22	44
228	33	44	44	44	11	33	11	22	44	33	33	22	11	33	33	11	11	11	11	33	22	11	33	11	33	22	11	44	22	44
229	11	33	22	33	33	44	33	11	22	11	11	44	33	22	11	33	33	33	44	44	11	33	11	22	22	33	33	11	11	33
230	11	33	22	33	33	44	33	11	22	11	11	44	33	22	11	33	33	33	44	44	11	33	11	22	22	33	33	11	11	33
231	33	44	44	44	11	33	11	22	44	33	33	22	11	33	33	11	11	11	11	33	22	11	33	11	33	22	11	44	22	44
232	11	33	22	33	33	44	33	11	22	11	11	44	33	22	11	33	33	33	44	44	11	33	11	22	22	33	33	11	11	33
233	11	33	22	33	33	44	33	11	22	11	11	44	33	22	11	33	33	33	44	44	11	33	11	22	22	33	33	11	11	33
234	33	44	44	44	11	33	11	22	44	33	33	22	11	33	33	11	11	11	11	33	22	11	33	11	33	22	11	44	22	44
235	33	44	44	44	11	33	11	22	44	33	33	22	11	33	33	11	11	11	11	33	22	11	33	11	33	22	11	44	22	44
236	33	44	44	44	11	33	11	22	44	33	0	22	11	33	33	11	11	0	11	33	22	11	33	11	33	22	11	44	0	44
237	33	44	44	44	11	33	11	22	44	33	33	22	11	33	33	11	11	11	11	33	22	11	33	11	33	22	11	44	22	44
238	33	44	44	44	11	33	11	22	44	33	33	22	11	33	33	11	11	11	11	33	22	11	33	11	33	22	11	44	22	44
239	33	44	44	44	11	33	11	22	44	33	33	22	11	33	33	11	11	11	11	33	22	11	33	11	33	22	11	44	22	44
240	11	33	22	33	33	44	33	11	22	11	11	44	33	22	11	33	33	33	44	44	11	33	11	22	22	33	33	11	11	33
241	11	33	22	33	33	44	33	11	22	11	11	44	33	22	11	33	33	33	44	44	11	33	11	22	22	33	33	11	11	33
242	11	33	22	33	33	44	33	11	22	11	11	44	33	22	11	33	33	33	44	44	11	33	11	22	22	33	33	11	11	33
243	11	33	22	33	33	44	33	11	22	31	11	44	33	22	11	33	33	33	44	44	11	33	11	22	22	33	33	11	11	33
244	11	33	22	33	33	44	33	11	22	11	11	44	33	22	11	33	33	33	44	44	11	33	11	22	22	33	33	11	11	33
245	11	33	22	33	33	44	33	11	22	11	11	44	33	22	11	33	33	33	44	44	11	33	11	22	22	33	33	11	11	33
246	11	33	22	33	33	44	33	11	22	11	11	44	33	22	11	33	33	33	44	44	11	33	11	22	22	33	33	11	11	33
247	11	33	22	33	33	44	33	11	22	11	11	44	33	22	11	33	33	33	44	44	11	33	11	22	22	33	33	11	11	33
248	33	44	44	44	11	33	11	22	44	33	33	22	11	33	33	11	11	11	11	33	22	11	33	11	33	22	11	44	22	44
249	33	44	44	44	11	33	11	22	44	33	33	22	11	33	33	11	11	11	11	33	22	11	33	11	33	22	11	44	22	44
250	11	33	22	33	33	44	33	11	22	11	11	44	33	22	11	33	33	33	44	44	11	33	11	22	22	33	33	11	11	33
251	33	44	44	44	11	33	11	22	44	33	33	22	11	33	33	11	11	11	11	33	22	11	33	11	33	22	11	44	22	44
252	33	44	44	44	11	33	11	0	44	33	33	22	11	33	33	11	11	11	11	33	22	11	33	11	33	22	0	44	22	44
253	11	33	22	33	33	44	33	11	22	11	11	44	33	22	11	33	33	33	44	44	11	33	11	22	22	33	33	11	11	33
254	33	44	44	44	11	33	11	22	44	33	33	22	11	33	33	11	11	11	11	33	22	11	33	11	33	22	11	44	22	44
255	33	44	44	44	11	33	11	22	44	33	33	22	11	33	33	11	11	11	11	33	22	11	33	11	33	22	11	44	22	44
256	11	33	22	33	33	44	33	11	22	11	11	44	33	22	11	33	33	33	44	44	11	33	11	22	22	33	33	11	11	33
257	11	33	22	33	33	44	33	11	22	11	11	44	33	22	11	33	33	33	44	44	11	33	11	22	22	33	33	11	11	33
258	11	33	22	33	33	44	33	11	22	11	11	44	33	22	11	33	33	13	44	44	11	33	11	22	22	33	33	11	11	33
259	11	0	22	33	0	0	33	11	22	11	11	44	33	22	11	0	33	33	44	44	11	0	11	0	22	33	33	11	11	33
260	11	33	22	33	33	44	33	11	22	11	11	44	33	22	11	33	33	33	44	44	11	33	11	22	22	33	33	11	11	33
261	11	33	22	33	33	44	33	11	22	11	11	44	33	22	11	33	33	33	44	44	11	33	11	22	22	33	33	11	11	33
262	11	33	22	33	33	44	33	11	22	11	11	44	33	22	11	33	33	33	44	44	11	33	11	22	22	33	33	11	11	33
263	11	33	22	33	33	44	33	11	22	11	11	44	33	22	11	33	33	33	44	44	11	33	11	22	22	33	33	11	11	33
264	11	33	22	33	33	44	33	11	22	11	11	44	13	22	11	33	33	33	44	44	11	33	11	22	22	33	33	11	11	33
265	33	44	44	44	11	33	11	22	44	33	33	22	11	33	33	11	11	11	11	33	22	11	33	11	33	22	11	44	22	44
266	11	33	22	33	33	44	33	11	22	11	11	44	33	22	11	33	33	33	44	44	11	33	11	22	22	33	33	11	11	33
267	11	33	22	33	33	44	33	11	22	11	11	44	33	22	11	33	33	33	44	44	11	33	11	22	22	33	33	11	11	33
268	11	33	22	33	33	44	33	11	22	11	11	44	33	22	11	33	33	33	44	44	11	33	11	22	22	33	33	11	11	33
269	33	44	44	44	11	33	11	22	44	33	33	22	11	33	33	11	11	11	11	33	22	11	33	11	33	22	11	44	22	44
270	33	44	44	44	11	33	11	22	44	33	33	22	11	33	33	11	11	11	11	33	22	11	33	11	33	22	11	44	22	44
271	33	44	44	44	11	33	11	22	44	33	33	22	11	33	33	11	11	11	11	33	22	11	33	11	33	22	0	44	22	44
272	11	33	22	33	33	44	33	11	22	11	11	44	33	22	11	33	33	33	44	44	11	33	11	22	22	33	33	11	11	33
273	11	33	22	33	33	44	33	11	22	11	11	44	33	22	11	33	33	33	44	44	11	33	11	22	22	33	33	11	11	33
274	11	33	22	33	33	44	33	11	22	11	11	44	33	22	11	33	33	33	44	44	11	33	11	22	22	33	33	11	11	33
275	11	33	22	33	33	44	33	11	22	11	11	44	33	22	11	33	33	33	44	44	11	33	11	22	22	33	33	11	11	33
276	11	33	22	33	33	44	33	11	22	11	11	44	33	22	11	33	33	33	44	44	11	33	11	22	22	33	33	11	11	33
277	11	33	22	33	33	44	33	11	22	11	11	44	33	22	11	33	33	33	44	44	11	33	11	22	22	33	33	11	11	33
278	11	33	22	33	33	44	33	11	22	11	11	44	33	22	11	33	33	33	44	44	11	33	11	22	22	33	33	11	11	33
279	33	44	44	44	11	33	11	22	44	33	33	22	11	33	33	11	11	11	11	33	22	11	33	11	33	22	11	44	22	44
280	11	33	22	33	33	44	33	11	22	11	11	44	33	22	11	33	33	33	44	44	11	33	11	22	22	33	33	11	11	33
281	11	33	22	33	33	44	33	11	22	11	11	44	33	22	11	33	33	33	44	44	11	33	11	22	22	33	33	11	11	33
282	11	33	22	33	33	44	33	11	22	11	11	44	33	22	11	33	33	33	44	44	11	33	11	22	22	33	33	11	11	33
283	33	44	44	44	11	33	11	22	44	33	33	22	11	33	33	11	11	11	11	33	22	11	33	11	33	22	11	44	22	44
284	33	44	44	44	11	33	11	22	44	33	33	22	11	33	33	11	11	11	11	33	22	11	33	11	33	22	11	44	22	44
285	11	33	22	33	33	44	33	11	22	11	11	44	33	22	11	33	33	33	44	44	11	33	11	22	22	33	33	11	11	33
286	11	33	22	33	33	44	33	11	22	11	11	44	33	22	11	33	33	33	44	44	11	33	11	22	22	33	33	11	11	33
287	11	33	22	33	33	44	33	11	22	11	11	44	33	22	11	33	33	33	44	44	11	33	11	22	22	33	33	11	11	33
288	11	33	22	33	33	44	33	11	22	11	11	44	33	22	11	33	33	33	44	44	11	33	11	22	22	33	33	11	11	33
289	11	33	22	33	33	44	33	11	22	11	11	44	33	22	11	33	33	33	44	44	11	33	11	22	22	33	33	11	11	33
290	11	33	22	33	33	44	33	11	22	11	11	44	33	22	11	33	33	33	44	44	11	33	11	22	22	33	33	11	11	33
291	33	44	44	44	11	33	11	22	44	33	33	22	11	33	33	11	11	11	11	33	22	11	33	11	33	22	11	44	22	44
292	11	33	22	33	33	44	33	11	22	11	11	44	33	22	11	33	33	33	44	44	11	33	11	22	22	33	33	11	11	33
293	11	33	22	33	33	44	33	11	22	11	11	44	33	22	11	33	33	33	44	44	11	33	11	22	22	33	33	11	11	33
294	33	44	44	44	11	33	11	22	44	33	33	22	11	33	33	11	11	11	11	33	22	11	33	11	33	22	11	44	22	44
295	11	33	22	33	33	44	33	11	22	11	11	44	33	22	11	33	33	33	44	44	11	33	11	22	22	33	33	11	11	33
296	11	33	22	33	33	44	33	11	22	11	11	44	33	22	11	33	33	33	44	44	11	33	11	22	22	33	33	11	11	33
297	11	33	22	33	33	44	33	11	22	11	11	44	33	22	11	33	33	33	44	44	11	33	11	22	22	33	33	11	11	33
298	33	44	44	44	11	33	11	22	44	33	33	22	11	33	33	11	11	11	11	33	22	11	33	11	33	22	11	44	22	44
299	11	33	22	33	33	44	33	11	22	11	11	44	33	22	11	33	33	33	44	44	11	33	11	22	22	33	33	11	11	33
300	11	33	22	33	33	44	33	11	22	11	11	44	33	22	11	33	33	33	44	44	11	33	11	22	22	33	33	11	11	33
301	11	33	22	33	33	44	33	11	22	11	11	44	33	22	11	33	33	33	44	44	11	33	11	22	22	33	33	11	11	33
302	11	33	22	33	33	44	33	11	22	11	11	44	33	22	11	33	33	33	44	44	11	33	11	22	22	33	33	11	11	33
303	33	44	44	44	11	33	11	22	44	33	33	22	11	33	33	11	11	11	11	33	22	11	33	11	33	22	11	44	22	44
304	33	44	44	44	11	33	11	22	44	33	33	22	11	33	33	11	11	11	11	33	22	11	33	11	33	22	11	44	22	44
305	33	44	44	44	11	33	11	22	44	33	33	22	11	33	33	11	11	11	11	33	22	11	33	11	33	22	11	44	22	44
306	11	33	22	33	33	44	33	11	22	11	11	44	33	22	11	33	33	33	44	44	11	33	11	22	22	33	33	11	11	33
307	11	33	22	33	33	44	33	11	22	11	11	44	33	22	11	33	33	33	44	44	11	33	11	22	22	33	33	11	11	33
308	11	33	22	33	33	44	33	11	22	11	11	44	33	22	11	33	33	33	44	44	11	33	11	22	22	33	33	11	11	33
309	11	33	22	33	33	44	33	11	22	11	11	44	33	22	11	33	33	33	44	44	11	33	11	22	22	33	33	11	11	33
310	11	33	22	33	33	44	33	11	22	11	11	44	33	22	11	33	33	33	44	44	11	33	11	22	22	33	33	11	11	33
311	11	33	22	33	33	44	33	11	22	11	11	44	33	22	11	33	33	33	44	44	11	33	11	22	22	33	33	11	11	33
312	11	33	22	33	33	44	33	11	22	11	11	44	33	22	11	33	33	33	44	44	11	33	11	22	22	33	33	11	11	33
313	11	33	22	43	33	44	33	11	22	11	11	44	33	22	11	33	33	33	44	44	11	33	11	22	22	33	33	11	11	33
314	11	33	22	33	33	44	33	11	22	11	11	44	33	22	11	33	33	33	44	44	11	33	11	22	22	33	33	11	11	33
315	11	33	22	33	33	44	33	11	22	11	11	44	33	22	11	33	33	33	44	44	11	33	11	22	22	33	33	11	11	33
316	11	33	22	33	33	44	33	11	22	11	11	44	33	22	11	33	33	33	44	44	11	33	11	22	22	33	33	11	11	33
317	11	33	22	33	33	44	33	11	22	11	11	44	33	22	11	33	33	33	44	44	11	33	11	22	22	33	33	11	11	33
318	11	33	22	33	33	44	33	11	22	11	11	44	33	22	11	33	33	33	44	44	11	33	11	22	22	33	33	11	11	33
319	11	33	22	33	33	44	33	11	22	11	11	44	33	22	11	33	33	33	44	44	11	33	11	22	22	33	33	11	11	33
320	11	33	22	33	33	44	33	11	22	11	11	44	33	22	11	33	33	33	44	44	11	33	11	22	22	33	33	11	11	33
321	11	33	22	33	33	44	33	11	22	11	31	44	33	22	11	33	33	33	44	44	11	33	11	22	22	33	33	11	11	33
322	33	44	44	44	11	33	11	22	44	33	33	22	11	33	33	11	11	11	11	33	22	11	33	11	33	22	11	44	22	44
323	33	44	44	44	11	33	11	22	44	33	33	22	11	33	33	11	11	11	11	33	22	11	33	11	33	22	11	44	22	44
324	11	33	22	33	33	44	33	11	22	11	11	44	33	22	11	33	33	33	44	44	11	33	11	0	22	33	33	11	11	33
325	11	33	22	33	33	44	33	11	22	11	11	44	33	22	11	33	33	33	44	44	11	33	11	22	22	33	33	11	11	33
326	11	33	22	33	33	44	33	11	22	11	11	44	33	22	11	33	33	33	44	44	11	33	11	22	22	33	33	11	11	33
327	11	33	22	33	33	44	33	11	22	11	11	44	33	22	11	33	33	33	44	44	11	33	11	22	22	33	33	11	11	33
328	11	33	22	33	33	44	33	11	22	11	11	44	33	22	11	33	33	33	44	44	11	33	11	22	22	33	33	11	11	33
329	11	33	22	33	33	44	33	11	22	11	11	44	33	22	11	13	33	33	44	44	11	33	11	22	22	33	33	11	11	33
330	33	44	44	44	11	33	11	22	44	33	33	22	11	33	33	11	11	11	11	33	22	11	33	11	33	22	11	44	22	44
331	33	44	44	44	11	33	11	22	44	33	33	22	11	33	33	11	11	11	11	33	22	11	33	11	33	22	11	44	22	44
332	33	44	44	44	11	33	11	22	44	33	33	22	11	33	33	11	11	11	11	33	22	11	33	11	33	22	11	44	22	44
333	33	44	44	44	11	33	11	22	44	33	33	22	11	33	33	11	11	11	11	33	22	11	33	11	33	22	11	44	22	44
334	11	33	22	33	33	44	33	11	22	31	11	44	33	22	11	33	33	33	44	44	11	33	11	22	22	33	33	11	11	33
335	11	33	22	33	33	44	33	11	22	11	11	44	33	22	11	33	33	33	44	44	11	33	11	22	22	33	33	11	11	33
336	11	33	22	33	33	44	33	11	22	11	11	44	33	22	11	33	33	33	44	44	11	33	11	22	22	33	33	11	11	33
337	33	44	44	44	11	33	11	22	44	33	33	22	11	33	33	11	11	11	11	33	22	11	33	11	33	22	11	44	22	44
338	11	33	22	33	33	44	33	11	22	11	11	44	33	22	11	33	33	33	44	44	11	33	11	22	22	33	33	11	11	33
339	33	44	44	44	11	33	11	22	44	33	33	22	11	33	33	11	11	11	11	33	22	11	33	11	33	22	11	44	22	44
340	11	33	22	33	33	44	33	11	22	11	11	44	33	22	11	33	33	33	44	44	11	33	11	22	22	33	33	11	11	33
341	33	44	44	44	11	33	11	22	44	33	33	22	11	33	33	11	11	11	11	33	22	11	33	11	33	22	11	44	22	44
342	33	44	44	44	11	33	11	22	44	33	33	22	11	33	33	11	11	11	11	33	22	11	33	11	33	22	11	44	22	44
343	33	44	44	44	11	33	11	22	44	33	33	22	11	33	33	11	11	0	11	33	22	11	33	11	33	22	11	44	22	44
344	11	33	22	43	33	44	33	11	22	11	11	44	33	22	11	33	33	33	44	44	11	33	11	22	22	33	33	11	11	33
345	11	33	22	33	33	44	33	11	22	11	11	44	33	22	11	33	33	33	44	44	11	33	11	22	22	33	33	11	11	33
346	11	33	22	33	33	44	33	11	22	11	11	44	33	22	11	33	33	33	44	44	11	33	11	22	22	33	33	11	11	33
347	11	33	22	33	33	44	33	11	22	11	11	44	33	22	11	33	33	33	44	44	11	33	11	22	22	33	33	11	11	33
348	11	33	22	33	33	44	33	11	22	11	11	44	33	22	11	33	33	33	44	44	11	33	11	22	22	33	33	11	11	33
349	11	33	22	33	33	44	33	11	42	11	11	44	33	22	11	33	33	33	44	44	11	33	11	22	22	33	33	11	11	33
350	31	34	42	43	13	43	13	21	42	31	31	24	13	23	33	13	13	13	14	44	21	31	31	12	32	23	13	41	21	43
351	33	44	44	44	11	33	11	22	44	33	33	22	11	33	33	11	11	11	11	33	22	11	33	11	33	22	11	44	22	44
352	33	44	44	44	11	33	11	22	44	33	33	22	11	33	33	11	11	11	11	33	22	11	33	11	33	22	11	44	22	44
353	33	44	44	44	11	33	11	22	44	33	33	22	11	33	33	11	11	11	11	33	22	11	33	11	33	22	11	44	22	44
354	11	33	22	33	33	44	33	11	22	11	11	44	33	22	11	33	33	33	44	44	11	33	11	22	22	33	33	11	11	33
355	11	33	22	33	33	44	33	11	22	11	11	44	33	22	11	33	33	33	44	44	11	33	11	22	22	33	33	11	11	33
356	11	33	22	33	33	44	33	11	22	11	11	44	33	22	11	33	33	33	44	44	11	33	11	22	22	33	33	11	11	33
357	11	33	22	33	33	44	33	11	22	11	11	44	33	22	11	33	33	33	44	44	11	33	11	22	22	33	33	11	11	33
358	11	33	22	33	33	44	33	11	22	11	11	44	33	22	11	33	33	33	44	44	11	33	11	22	22	33	33	11	11	33
359	11	33	22	33	33	44	33	11	22	11	11	44	33	22	11	33	33	33	44	44	11	33	11	22	22	33	33	11	11	33
360	11	33	22	33	33	44	33	11	22	11	11	44	33	22	11	33	33	33	44	44	11	33	11	22	22	33	33	11	11	33
361	11	33	22	33	33	44	33	11	22	11	11	44	33	22	11	33	33	33	44	44	11	33	11	22	22	33	33	11	11	33
362	33	44	44	44	11	33	11	22	44	33	33	22	11	33	33	11	11	11	11	33	22	11	33	11	33	22	11	44	22	44
363	11	33	22	33	33	44	33	11	22	11	11	44	33	22	11	33	33	33	44	44	11	33	11	22	22	33	33	11	11	33
364	11	33	22	33	33	44	33	11	22	11	11	44	33	22	11	33	33	33	44	44	11	33	11	22	22	33	33	11	11	33
365	11	33	22	33	33	44	33	11	22	11	11	44	33	22	11	33	33	33	44	44	11	33	11	22	22	33	33	11	11	33
366	11	33	22	33	33	44	33	11	22	11	11	44	33	22	11	33	33	33	44	44	11	33	11	22	22	33	33	11	11	33
367	11	33	22	33	33	44	33	11	22	11	11	44	33	22	11	33	33	33	44	44	11	33	11	22	22	33	33	11	11	33
368	11	33	22	33	33	44	33	11	22	11	11	44	33	22	11	33	33	33	44	44	11	33	11	22	22	33	33	11	11	33
369	11	33	22	33	33	44	33	11	22	11	11	44	33	22	11	33	33	33	44	44	0	33	11	22	22	33	33	11	11	33
370	11	33	22	33	33	44	33	11	22	11	11	44	33	22	11	33	33	33	44	44	11	33	11	22	22	33	33	11	11	33
371	11	33	22	33	33	44	33	11	22	11	11	44	33	22	11	33	33	33	44	44	11	33	11	22	22	33	33	11	11	33
372	11	33	22	33	33	44	33	11	22	11	11	44	33	22	11	33	33	33	44	44	11	33	11	22	22	33	33	11	11	33
373	11	33	22	33	33	44	33	11	22	11	11	44	33	22	11	33	33	33	44	44	11	33	11	22	32	33	33	11	11	33
374	11	33	22	33	33	44	33	11	22	11	31	44	33	22	11	33	33	33	44	44	11	33	11	22	22	33	33	11	11	33
375	11	33	22	33	33	44	33	11	22	11	11	44	33	22	11	33	33	33	44	44	11	33	11	22	22	33	33	11	11	33
376	11	33	22	33	33	44	33	21	22	11	31	44	33	22	11	33	13	33	44	44	11	31	11	22	22	33	33	11	11	33
377	11	33	22	33	33	44	33	11	22	11	11	44	33	22	11	33	33	33	44	44	11	33	11	22	22	33	33	11	11	33
378	11	33	22	33	33	44	33	11	22	11	11	44	33	22	11	33	33	33	44	44	11	33	11	22	22	33	33	11	0	33
379	33	44	44	44	11	33	11	22	44	33	33	22	11	33	33	11	11	11	11	33	22	11	33	11	33	22	11	44	22	44
380	33	44	44	44	11	33	11	22	44	33	33	22	11	33	33	11	11	11	11	33	22	11	33	11	33	22	11	44	22	44
381	11	34	42	33	33	44	33	21	22	11	31	44	33	22	11	33	33	13	14	43	11	33	11	22	22	33	33	11	11	33
382	11	33	22	33	33	44	33	11	22	11	11	44	33	22	11	33	33	13	44	44	11	31	11	22	22	33	33	11	11	33
383	11	33	22	33	33	44	33	11	22	11	11	44	33	22	11	33	33	33	44	44	11	33	11	22	22	33	33	11	11	33
384	11	33	42	33	33	44	33	11	22	11	31	44	13	22	11	13	33	33	44	44	11	33	11	22	22	33	33	11	21	33
385	33	44	44	44	11	33	11	22	44	33	33	22	11	33	33	11	11	11	11	33	22	11	33	11	33	22	11	44	22	44
386	11	33	22	33	33	44	33	11	22	11	11	44	33	22	11	33	33	33	44	44	11	33	11	22	22	33	33	11	11	33
387	11	33	22	33	33	44	33	11	22	11	11	44	33	22	11	33	33	33	44	44	11	33	11	22	22	33	33	11	11	33
388	33	44	44	44	11	33	11	22	44	33	33	22	11	33	33	11	11	11	11	33	21	11	33	11	33	22	11	44	22	44
389	11	33	22	33	33	44	33	11	22	11	11	44	33	22	11	33	33	33	44	44	11	33	11	22	22	33	33	11	11	33
390	11	33	22	33	33	44	33	11	22	11	11	44	33	22	11	33	33	33	44	44	11	33	11	22	22	33	33	11	11	33
391	11	33	22	33	33	44	33	11	22	11	11	44	33	22	11	33	33	33	44	44	11	33	11	22	22	33	33	11	11	33
392	11	33	22	33	33	44	33	11	22	11	11	44	33	22	11	33	33	33	44	44	11	33	11	22	22	33	33	11	11	33
393	11	33	22	33	33	44	33	11	22	11	11	44	33	22	11	33	33	33	44	44	11	33	11	22	22	33	33	11	11	33
394	11	33	22	33	33	44	33	11	22	11	11	44	33	22	11	33	33	33	44	44	11	33	11	22	22	33	33	11	11	33
395	11	33	22	33	33	44	33	21	22	11	11	44	33	22	11	33	33	33	44	44	11	33	11	22	22	33	33	11	11	33
396	11	33	22	33	33	44	33	11	22	11	11	44	33	22	11	33	33	33	44	44	11	33	11	22	22	33	33	11	11	33
397	11	33	22	33	33	44	33	11	22	11	11	44	33	22	11	33	33	33	44	44	11	33	11	22	22	33	33	11	21	33
398	11	33	22	33	33	44	33	11	22	11	11	44	33	22	11	33	33	33	44	44	11	33	11	22	22	33	33	11	11	33
399	11	33	22	33	33	44	33	21	22	11	11	44	33	22	11	33	33	33	44	44	11	33	11	22	22	33	33	11	11	33
400	11	33	22	33	33	44	33	11	22	11	11	44	33	22	11	33	33	33	44	44	11	33	11	22	22	33	33	11	11	33
401	11	33	22	33	33	44	33	11	22	11	11	44	33	22	11	33	33	33	44	44	11	33	11	22	22	33	33	11	11	33
402	33	44	44	44	11	33	11	22	44	33	33	22	11	33	33	11	11	11	11	33	22	11	33	11	33	22	11	44	22	44
403	33	44	44	44	11	33	11	22	44	33	33	22	11	33	33	11	11	11	11	33	22	11	33	11	33	22	11	44	22	44
404	11	33	22	33	33	44	33	11	22	11	11	44	33	22	11	33	33	33	44	44	11	33	11	22	22	33	33	11	11	33
405	33	44	44	44	11	33	11	22	44	33	33	22	11	33	33	11	11	11	11	33	22	11	33	11	33	22	11	44	22	44
406	11	33	22	33	33	44	33	11	22	11	11	44	33	22	11	33	33	33	44	44	11	33	11	22	22	33	33	11	11	33
407	11	33	22	33	33	44	33	11	22	11	11	44	33	22	11	33	33	33	44	44	11	33	11	22	22	33	33	11	11	33
408	11	33	22	33	33	44	33	11	22	11	11	44	33	22	11	33	33	33	44	44	11	33	11	22	22	33	33	11	11	33
409	11	33	22	33	33	44	33	11	22	11	11	44	33	22	11	33	33	33	44	44	11	33	11	22	22	33	33	11	11	33
410	11	33	22	33	33	44	33	11	22	11	11	44	33	22	11	33	33	33	44	44	11	33	11	22	22	33	33	11	11	33
411	11	33	22	33	33	44	33	11	22	11	11	44	33	22	11	33	33	33	44	44	11	33	11	22	22	33	33	11	11	33
412	11	33	22	33	33	44	33	11	22	11	11	44	33	22	11	33	33	33	44	44	11	33	11	22	22	33	33	11	11	33
413	33	44	44	44	11	33	11	22	44	33	33	22	11	33	33	11	11	11	11	33	22	11	33	11	33	22	11	44	22	44
414	33	44	44	44	11	33	11	22	44	33	33	22	11	33	33	11	11	11	11	33	22	11	33	11	33	22	11	44	22	44
415	11	33	22	33	33	44	33	11	22	11	11	44	33	22	11	33	33	33	44	44	11	33	11	22	22	33	33	11	11	33
416	33	44	44	44	11	33	11	22	44	33	33	22	11	33	33	11	11	11	11	33	22	11	33	11	33	22	11	44	22	44
417	33	44	44	44	11	33	11	22	44	33	33	22	11	33	33	11	11	11	11	33	22	11	33	11	33	22	11	44	22	44
418	11	33	22	33	33	44	33	11	22	11	11	44	33	22	11	33	33	33	44	44	11	33	11	22	22	33	33	11	11	33
419	11	33	22	33	33	44	33	11	22	11	11	44	33	22	11	33	33	33	44	44	11	33	11	22	22	33	33	11	11	33
420	11	33	22	33	33	44	33	11	22	11	11	44	33	22	11	33	33	33	44	44	11	33	11	22	22	33	33	11	11	33
421	11	33	22	33	33	44	33	11	22	11	11	44	33	22	11	33	33	33	44	44	11	33	11	22	22	33	33	11	11	33
422	11	33	22	33	33	44	33	11	22	11	11	44	33	22	11	33	33	33	44	44	11	33	11	22	22	33	33	11	11	33
423	11	33	22	33	33	44	33	11	22	11	11	44	33	22	31	33	33	33	44	44	11	33	11	22	22	33	33	11	11	33
424	31	34	42	43	13	43	13	21	42	31	31	24	13	23	31	13	13	13	14	43	21	31	31	12	32	23	13	41	21	43
425	11	33	22	33	33	44	33	11	22	11	11	44	33	22	11	33	33	33	44	44	11	33	11	22	22	33	33	11	11	33
426	11	33	22	33	33	44	33	11	22	11	11	44	33	22	11	33	33	33	44	44	11	33	11	22	22	33	33	11	11	33
427	11	33	22	33	33	44	33	11	22	11	11	44	33	22	11	33	33	33	44	44	11	33	11	22	22	33	33	11	21	33
428	11	33	22	33	33	44	33	11	22	11	11	44	33	22	11	33	33	33	44	44	11	33	11	22	22	33	33	11	11	33
429	11	33	22	33	33	44	33	11	22	11	11	44	33	22	11	33	33	33	44	44	11	33	11	22	22	33	33	11	11	33
430	11	33	22	33	33	44	33	11	22	11	11	44	33	22	11	33	33	33	44	44	11	33	11	22	22	33	33	11	11	33
431	11	33	22	33	33	44	33	11	22	11	11	44	33	22	11	33	33	33	44	44	11	33	11	22	22	33	33	11	11	33
432	33	44	44	44	11	33	11	22	44	33	33	22	11	33	33	11	11	11	11	33	22	11	33	11	33	22	11	44	22	44
433	11	33	22	33	33	44	33	11	22	11	11	44	33	22	11	33	33	33	44	44	11	33	11	22	22	33	33	11	11	33
434	11	33	22	33	33	44	33	11	22	11	11	44	33	22	11	33	33	33	44	44	11	33	11	22	22	33	33	11	11	33
435	11	33	22	33	33	44	33	11	22	11	11	44	33	22	11	33	33	33	44	44	11	33	11	22	22	33	33	11	11	33
436	11	33	22	33	33	44	33	11	22	11	11	44	33	22	11	33	33	33	44	44	11	33	11	22	22	33	33	11	11	33
437	33	44	44	44	0	33	11	22	44	33	0	22	11	33	33	0	11	0	11	33	22	11	33	11	33	22	11	44	0	44
438	11	33	22	33	33	44	33	11	22	11	11	44	33	22	11	33	33	33	44	44	11	33	11	22	22	33	33	11	11	33
439	33	44	44	44	11	33	11	22	44	33	33	22	11	33	33	11	11	11	11	33	22	11	33	11	33	22	11	44	22	44
440	11	33	22	33	33	44	33	11	22	11	11	44	33	22	11	33	33	33	44	44	11	33	11	22	22	33	33	11	11	33
441	11	33	22	33	33	44	33	11	22	11	11	44	33	22	11	33	33	33	44	44	11	33	11	22	22	33	33	11	11	33
442	11	33	22	33	33	44	33	11	22	11	11	44	33	22	11	33	33	33	44	44	11	33	11	22	22	33	33	11	11	33
443	33	44	44	44	11	33	11	22	44	33	33	22	11	33	33	11	11	11	11	33	22	11	33	11	33	22	11	44	22	44
444	11	33	22	33	0	44	33	11	22	11	11	44	33	22	11	33	33	33	44	44	11	33	11	22	22	33	33	11	11	33
445	11	33	22	33	33	44	33	11	22	11	11	44	33	22	11	33	33	33	44	44	11	33	11	0	22	33	33	11	11	33
446	31	34	42	43	13	43	13	21	42	31	31	24	13	23	31	13	13	13	14	44	21	31	31	11	32	23	13	41	21	43
447	11	33	22	33	33	44	33	11	22	11	11	44	33	22	11	33	33	33	44	44	11	33	11	22	22	33	33	11	11	33
448	33	44	44	44	11	33	11	22	44	33	33	22	11	33	33	11	11	11	11	33	22	11	33	11	33	22	11	44	22	44
449	11	33	22	33	33	44	33	11	22	11	11	44	33	22	11	33	33	33	44	44	11	33	11	22	22	33	33	11	11	33
450	11	33	22	33	0	44	33	11	22	11	11	44	33	22	11	33	33	33	44	44	11	33	11	22	22	33	33	11	11	33
451	33	44	44	44	11	33	11	22	44	33	33	22	11	33	33	11	11	11	11	33	22	11	33	11	33	22	11	44	22	44
452	33	44	44	44	11	33	11	22	44	33	33	22	11	33	33	11	11	11	11	33	22	11	33	11	33	22	11	44	22	44
453	11	33	22	33	33	44	33	11	22	11	11	44	33	22	11	33	33	33	44	44	11	33	11	22	22	33	33	11	11	33
454	11	33	22	33	33	44	33	11	22	11	11	44	33	22	11	33	33	33	44	44	11	33	11	22	22	33	33	11	11	33
455	11	33	22	33	33	44	33	11	22	11	11	44	33	22	11	33	33	33	44	44	11	33	11	22	22	33	33	11	11	33
456	11	33	22	33	33	44	33	11	22	11	11	44	33	22	11	33	33	33	44	44	11	33	11	22	22	33	33	11	11	33
457	11	33	22	33	33	44	33	11	22	11	11	44	33	22	11	33	33	33	44	44	11	33	11	22	22	33	33	11	11	33
458	11	33	22	33	33	44	33	11	22	11	11	44	33	22	11	33	33	33	44	44	11	33	11	22	22	33	33	11	11	33
459	11	33	22	33	33	44	33	11	22	11	11	44	33	22	11	33	33	33	44	44	11	33	11	22	22	33	33	11	11	33
460	11	33	22	33	33	44	33	11	22	11	11	44	33	22	11	33	33	33	44	44	11	33	11	22	22	33	33	11	11	33
461	33	44	44	44	11	33	11	22	44	33	33	22	11	33	33	11	11	11	11	33	22	11	33	11	33	22	11	44	22	44
462	11	33	22	33	33	44	33	11	22	11	11	44	33	22	11	33	33	33	44	44	11	33	11	22	22	33	33	11	11	33
463	33	44	44	44	11	33	11	22	44	33	33	22	11	33	33	11	11	11	11	33	22	11	33	11	33	22	11	44	22	44
464	33	44	44	44	11	33	11	22	44	33	33	22	11	33	33	11	11	11	11	33	22	11	33	11	33	22	11	44	22	44
465	11	33	22	33	33	44	33	11	22	11	11	44	33	22	11	33	33	33	44	44	11	33	11	22	22	33	33	11	11	33
466	11	33	22	33	33	44	33	11	22	11	11	44	33	22	11	33	33	33	44	44	11	33	11	22	22	33	33	11	11	33
467	11	33	22	33	33	44	33	11	22	11	11	44	33	22	11	33	33	33	44	44	11	33	11	22	22	33	33	11	11	33
468	11	33	22	33	33	44	33	11	22	11	11	44	33	22	11	33	33	33	44	44	11	33	11	22	22	33	33	11	11	33
469	11	33	22	33	33	44	33	11	22	11	11	44	33	22	11	33	33	33	44	44	11	33	11	22	22	33	33	11	11	33
470	33	44	44	44	11	33	11	22	44	33	33	22	11	33	33	11	11	11	11	33	22	11	33	11	33	22	11	44	22	44
471	11	33	22	33	33	43	33	11	22	11	11	44	33	22	11	33	33	33	44	44	11	33	11	22	22	33	33	11	11	33
472	11	33	22	33	33	44	33	11	22	11	11	44	33	22	11	33	33	33	44	44	11	33	11	22	22	33	33	11	11	33
473	11	33	22	33	33	44	33	11	22	11	11	44	33	22	11	33	33	33	44	44	11	33	11	22	22	33	33	11	11	33
474	11	33	22	33	33	44	33	11	22	11	11	44	33	22	11	33	33	33	44	44	11	33	11	22	22	33	33	11	11	33
475	33	44	44	44	11	33	11	22	44	33	33	22	11	33	33	11	11	11	11	33	22	11	33	11	33	22	11	44	22	44
476	33	44	44	44	11	33	11	22	44	33	33	22	11	33	33	11	11	11	11	33	22	11	33	11	33	22	11	44	22	44
477	11	33	22	33	33	44	33	11	42	11	11	44	33	22	11	33	33	33	44	44	11	33	11	22	22	33	33	11	11	33
478	11	33	22	33	33	44	33	11	22	11	11	44	33	22	11	33	33	33	44	44	11	31	11	22	22	33	33	11	11	33
479	11	33	22	33	33	44	33	11	22	11	11	44	33	22	11	33	33	33	44	44	11	33	11	22	22	33	33	11	11	33
480	11	33	22	33	33	44	33	11	22	11	11	44	33	22	11	33	33	33	44	44	11	33	11	22	22	33	33	11	11	33
481	11	33	22	33	33	44	33	11	22	11	11	44	33	22	11	33	33	33	44	44	11	33	11	22	22	33	33	11	11	33
482	11	33	22	33	33	44	33	11	22	11	11	44	33	22	11	33	33	33	44	44	11	33	11	22	22	33	33	11	11	33
483	11	33	22	33	33	44	33	11	22	11	11	44	33	22	11	33	33	33	44	44	11	33	11	22	22	33	33	11	11	33
484	11	33	22	33	33	44	33	11	42	11	31	44	33	22	11	33	33	33	44	44	11	33	11	22	22	33	33	11	11	33
485	31	34	42	43	13	43	13	21	42	31	31	24	13	23	31	13	13	13	14	43	21	31	31	12	32	23	13	41	21	43
486	11	33	22	33	33	44	33	11	42	11	31	44	33	22	11	33	33	33	44	44	11	33	11	22	22	33	33	11	11	33
487	11	33	22	33	33	44	33	11	22	11	11	44	33	22	11	33	33	33	44	44	11	33	11	22	22	33	33	11	11	33
488	11	33	22	33	33	44	33	11	22	11	11	44	33	22	11	33	33	33	44	44	11	33	11	22	22	33	33	11	11	33
489	11	33	22	33	33	44	33	11	42	11	11	44	33	22	11	33	33	33	44	44	11	33	11	22	22	33	33	11	11	33
490	11	33	22	33	33	44	33	11	22	11	11	44	33	22	11	33	33	33	44	44	11	33	11	22	22	33	33	11	11	33
491	11	33	22	33	33	44	33	11	22	11	11	44	33	22	11	33	33	33	44	44	11	33	11	22	22	33	33	11	11	33
492	11	33	22	33	33	44	33	11	22	11	11	44	33	22	11	33	33	33	44	44	11	33	11	22	22	33	33	11	11	33
493	11	33	22	33	33	44	33	11	22	11	11	44	33	22	11	33	33	33	14	44	11	33	11	22	22	33	33	11	11	33
494	11	33	22	33	33	44	33	11	42	11	11	44	33	22	11	33	33	33	44	44	11	33	11	22	22	33	33	11	11	33
495	11	33	22	33	33	44	33	11	22	11	11	44	33	22	11	33	33	33	44	44	11	33	11	22	22	33	33	11	11	33
496	11	33	0	33	33	44	33	11	22	11	31	44	33	22	11	33	33	33	44	44	11	33	0	22	22	33	33	11	11	33
497	11	33	22	33	33	44	33	11	22	11	11	44	33	22	11	33	33	33	44	44	11	33	11	22	22	33	33	11	11	33
498	11	33	22	33	33	44	33	11	22	11	11	44	33	22	11	33	33	33	44	44	11	33	11	22	22	33	33	11	11	33
499	11	33	22	33	33	44	33	11	22	11	11	44	33	22	11	33	33	33	44	44	11	33	11	22	22	33	33	11	11	33
500	11	33	22	33	33	44	33	11	22	11	11	44	33	22	11	33	33	33	44	44	11	33	11	22	22	33	33	11	11	33
501	11	33	22	33	33	44	33	11	22	11	11	44	33	22	11	33	33	33	44	44	11	33	11	22	22	33	33	11	11	33
502	11	33	22	33	33	44	33	11	22	11	11	44	33	22	11	33	33	33	44	44	11	33	11	22	22	33	33	11	11	33
503	11	33	22	33	33	44	33	11	22	11	11	44	33	22	11	33	33	33	44	44	11	33	11	22	22	33	33	11	11	33
504	11	33	22	33	33	44	33	11	22	11	11	44	33	22	11	33	33	33	44	44	11	33	11	22	22	33	33	11	11	33
505	11	33	22	33	33	44	33	11	22	11	11	44	33	22	11	33	33	33	44	44	11	33	11	22	22	33	33	11	11	33
506	33	44	44	44	11	33	11	22	44	33	33	22	11	33	33	11	11	11	11	33	22	11	33	11	33	22	11	44	22	44
507	11	33	22	33	33	44	33	11	42	11	11	44	33	22	11	33	33	33	44	44	11	33	11	22	22	33	33	11	11	33
508	11	33	22	33	33	44	33	11	22	11	11	44	33	22	11	33	33	33	44	44	11	33	11	22	22	33	33	11	11	33
509	11	33	22	33	33	44	33	11	22	11	11	44	33	22	11	33	33	33	44	44	11	33	11	12	22	33	33	11	11	33
510	11	33	22	33	33	44	33	11	22	11	11	44	33	22	11	33	33	33	44	44	11	33	11	22	22	33	33	11	11	33
511	31	34	22	43	13	33	33	21	42	33	33	0	33	33	11	13	13	11	14	43	22	11	11	22	22	22	13	11	11	33
512	11	33	22	33	33	44	33	11	22	11	11	44	33	22	11	33	33	33	44	44	11	33	11	22	22	33	33	11	11	33
513	33	44	44	44	11	33	11	22	44	33	33	22	11	33	33	11	11	11	11	33	22	11	33	11	33	22	11	44	22	44
514	11	33	22	33	33	44	33	11	22	11	11	44	33	22	0	33	33	33	44	44	11	33	11	22	22	33	33	11	11	33
515	11	33	22	33	33	44	33	11	22	11	11	44	33	22	11	33	33	33	44	44	11	33	11	22	22	33	33	11	11	33
516	11	33	22	33	33	44	33	11	22	11	11	44	33	22	11	33	33	33	44	44	11	33	11	22	22	33	33	11	11	33
517	11	33	22	33	33	44	33	11	22	11	11	44	33	22	31	33	33	33	44	44	11	33	11	22	22	33	33	11	11	33
518	11	33	22	33	33	44	33	11	22	11	11	44	33	22	11	33	33	33	44	44	11	33	11	22	22	33	33	11	11	33
519	11	33	22	33	33	44	33	11	22	31	11	44	33	22	11	33	33	33	44	44	11	33	11	22	22	33	33	11	11	33
520	11	33	22	33	33	44	33	11	22	11	11	44	33	22	11	33	33	33	44	44	11	33	11	22	22	33	33	11	11	33
521	11	33	22	33	33	44	33	11	22	11	11	44	33	22	11	33	33	33	44	44	11	33	11	22	22	33	33	11	11	33
522	33	44	44	44	11	33	11	22	44	33	33	22	11	33	33	11	11	11	11	33	22	11	33	11	33	22	11	44	22	44
523	31	34	42	43	13	43	13	21	42	31	31	24	13	23	33	13	13	13	14	44	21	31	31	12	32	23	13	41	21	43
524	11	33	22	33	33	44	33	11	22	11	11	44	33	22	11	33	33	33	44	44	11	33	11	22	22	33	33	11	11	33
525	11	33	22	33	33	44	33	11	22	11	11	44	33	22	11	33	33	33	44	44	11	33	11	22	22	33	33	11	11	33
526	11	33	22	33	33	44	33	11	22	11	11	44	33	22	11	33	33	33	44	44	11	33	11	22	22	33	33	11	22	33
527	11	33	22	33	33	44	33	11	22	11	11	44	33	22	11	33	33	33	44	44	11	33	11	22	22	33	33	11	11	33
528	33	0	44	44	11	33	11	22	44	33	33	22	11	33	33	11	11	11	11	33	22	11	33	11	33	22	11	44	22	44
529	11	33	22	33	33	44	33	11	22	11	11	44	33	22	11	33	33	33	44	44	11	33	11	0	22	33	33	11	11	33
530	11	33	22	33	33	44	33	11	22	11	11	44	33	22	11	33	33	33	44	44	11	33	11	22	22	33	33	11	11	33
531	33	44	44	44	11	33	11	22	44	33	33	22	11	33	33	11	11	11	11	33	22	11	33	11	33	22	11	44	22	44
532	11	33	22	33	33	44	33	11	22	11	11	44	33	22	11	33	33	33	44	44	11	33	11	22	22	33	33	11	11	33
533	33	44	44	44	11	33	11	22	44	33	33	22	11	33	33	11	11	11	11	33	22	11	33	11	33	22	0	44	22	44
534	11	34	22	33	33	44	33	11	22	11	31	44	33	22	11	33	33	33	44	44	11	33	11	22	22	33	33	11	21	33
535	33	44	44	44	11	33	11	22	44	33	33	22	11	33	33	11	11	11	11	33	22	11	33	11	33	22	11	44	22	44
536	11	33	22	33	33	44	33	11	22	11	11	44	33	22	11	33	33	33	44	44	11	33	11	22	22	33	33	11	11	33
537	11	33	22	33	33	44	33	11	22	11	11	44	33	22	11	33	33	33	44	44	11	33	11	22	22	33	33	11	11	33
538	11	33	22	33	33	44	33	11	22	11	11	44	33	22	11	33	33	33	44	44	11	33	11	22	22	33	33	11	21	33
539	33	44	44	44	11	33	11	22	44	33	33	22	11	33	33	11	11	11	11	33	22	11	33	11	33	22	11	44	22	44
540	11	33	22	33	33	44	33	11	22	11	11	44	33	22	11	33	33	33	44	44	11	33	11	22	22	33	33	11	11	33
541	11	33	22	33	33	44	33	11	22	11	11	44	33	22	11	33	33	33	44	44	11	33	11	22	22	33	33	11	11	33
542	11	33	22	33	33	44	33	11	22	11	11	44	33	22	11	33	33	33	44	44	11	33	11	22	22	33	33	11	11	33
543	11	33	22	33	33	44	33	11	22	11	11	44	33	22	11	33	33	33	44	44	11	33	11	22	22	33	33	11	11	33
544	33	44	44	44	11	33	11	22	44	33	33	22	11	33	33	11	11	11	11	33	22	11	33	11	33	22	11	44	22	44
545	11	33	22	33	33	44	33	11	22	11	11	44	33	22	11	33	33	33	44	44	11	33	11	22	22	33	33	11	11	33
546	11	33	22	33	33	44	33	11	22	11	11	44	33	22	11	33	33	33	44	44	11	33	11	22	22	33	33	11	11	33
547	11	33	22	33	33	44	33	11	22	11	11	44	33	22	11	33	33	33	44	44	11	33	11	22	22	33	33	11	11	33
548	11	33	22	33	33	44	33	11	22	11	11	44	33	22	11	33	33	33	44	44	11	33	11	22	22	33	33	11	11	33
549	11	33	22	33	33	44	33	11	22	11	11	44	33	22	11	33	33	33	44	44	11	33	11	22	22	33	33	11	11	33
550	11	33	22	33	33	44	33	11	22	11	11	44	33	22	11	33	33	33	44	44	11	33	11	22	22	33	33	11	11	33
551	33	44	44	44	11	33	11	22	44	33	33	22	11	33	33	11	11	11	11	33	22	11	33	11	33	22	11	44	22	44
552	11	33	22	33	33	44	33	11	22	11	11	44	33	22	11	33	33	33	44	44	11	33	11	22	22	33	33	11	11	33
553	33	44	44	44	11	33	11	22	44	33	33	22	11	33	33	11	11	11	11	33	22	11	33	11	33	22	11	44	22	44
554	11	33	22	33	33	44	33	11	22	11	31	44	33	22	11	33	33	33	44	44	11	33	11	22	22	33	33	11	11	33
555	11	33	22	33	33	44	33	11	22	11	11	44	33	22	11	33	33	33	44	44	11	33	11	22	22	33	33	11	11	33
556	11	33	22	33	33	44	33	11	22	11	11	44	33	22	11	33	33	33	44	44	11	33	11	22	22	33	33	11	11	33
557	33	44	44	44	11	33	11	22	44	33	33	22	11	33	33	11	11	11	11	33	22	11	33	11	33	22	11	44	22	44
558	11	33	22	33	33	44	33	11	22	11	11	44	33	22	11	33	33	33	44	44	11	33	11	22	22	33	33	11	11	33
559	33	44	44	44	11	33	11	22	44	33	33	22	11	33	33	11	11	11	11	33	22	11	33	11	33	22	11	44	22	44
560	11	33	22	33	33	44	33	11	22	11	31	44	33	22	11	33	33	33	44	44	11	33	11	22	22	33	33	11	11	33
561	33	44	44	44	11	33	11	22	44	33	33	22	11	33	33	11	11	11	11	33	22	11	33	11	33	22	11	44	22	44
562	33	44	44	44	11	33	11	22	44	33	33	22	11	33	33	11	11	11	11	33	22	11	33	11	33	22	11	44	22	44
563	11	33	22	33	33	44	33	11	22	11	11	44	33	22	11	33	33	33	44	44	11	33	11	22	22	33	33	11	11	33
564	33	44	44	44	11	33	11	22	44	33	33	22	11	33	33	11	11	11	11	33	22	11	33	11	33	22	11	44	22	44
565	11	33	22	33	33	44	33	11	22	11	11	44	33	22	11	33	33	33	44	44	11	33	11	22	22	33	33	11	11	33
566	31	34	42	43	13	43	13	21	42	31	31	24	13	23	31	13	13	13	14	43	21	31	31	12	32	23	13	41	21	43
567	11	33	22	33	33	44	33	11	22	11	11	44	33	22	11	33	33	33	44	44	11	33	11	22	22	33	33	11	11	33
568	11	33	22	33	33	44	33	11	22	11	11	44	33	22	11	33	33	33	44	44	11	33	11	22	22	33	33	11	11	33
569	11	33	22	33	33	44	33	11	22	11	11	44	33	22	11	33	33	33	44	33	11	33	11	22	22	33	33	11	11	33
570	33	44	44	44	11	33	11	22	44	33	33	22	11	33	33	11	11	11	11	33	22	11	33	11	33	22	11	44	22	44
571	11	33	22	33	33	44	33	11	22	11	11	44	33	22	11	33	33	33	44	44	11	33	11	22	22	33	33	11	11	33
572	11	33	22	33	33	44	33	11	22	11	11	44	33	22	11	33	33	33	14	44	11	33	11	22	22	33	33	11	11	33
573	33	44	44	44	11	33	11	22	44	33	33	22	11	33	33	11	11	11	11	33	22	11	33	11	33	22	11	44	22	44
574	11	33	22	33	33	44	33	11	22	11	11	44	33	22	11	33	33	33	44	44	11	33	11	22	22	33	33	11	11	33
575	11	33	22	33	33	44	33	11	22	11	11	44	33	22	11	33	33	33	44	44	11	33	11	22	22	33	33	11	11	33
576	11	33	22	33	33	44	33	11	22	11	11	44	33	22	11	33	33	33	44	44	11	33	11	22	22	33	33	11	21	33
577	11	33	22	33	33	44	33	11	22	11	11	44	33	22	11	33	33	33	44	44	11	33	11	22	22	33	33	11	11	33
578	11	33	22	33	33	44	33	11	22	11	11	44	33	22	11	33	33	33	44	44	11	33	11	22	22	33	33	11	11	33
579	33	44	44	44	11	33	11	22	44	33	33	22	11	33	33	11	11	11	11	33	22	11	33	11	33	22	11	44	22	44
580	11	33	22	33	33	44	33	11	22	11	11	44	33	22	11	33	33	33	44	44	11	33	11	22	22	33	33	11	11	33
581	11	33	22	33	33	44	33	11	22	11	11	44	33	22	11	33	33	33	44	44	11	33	11	22	22	33	33	11	11	33
582	33	44	44	44	11	33	11	22	44	33	33	22	11	33	33	11	11	11	11	33	22	11	33	11	33	22	11	44	22	44
583	33	44	44	44	11	33	11	22	44	33	33	22	11	33	33	11	11	11	11	33	22	11	33	11	33	22	11	44	22	44
584	11	33	22	33	33	44	33	11	22	11	11	44	33	22	11	33	33	33	44	44	11	33	11	22	22	33	33	11	11	33
585	11	33	22	33	33	44	33	11	22	11	11	44	33	22	11	33	33	33	44	44	11	33	11	22	22	33	33	11	11	33
586	11	33	22	33	33	44	33	11	22	11	11	44	33	22	11	33	33	33	44	44	11	33	11	22	22	33	33	11	11	33
587	11	33	22	33	33	44	33	11	22	11	11	44	33	22	11	33	33	33	44	44	11	33	11	0	22	33	33	11	11	33
588	11	33	22	33	33	44	33	11	22	11	11	44	33	22	11	33	33	33	44	44	11	33	11	0	22	33	33	11	11	33
589	11	33	22	33	33	44	33	11	22	11	11	44	33	22	11	33	33	33	44	44	11	33	11	22	22	33	33	11	11	33
590	11	33	22	33	33	44	33	11	22	11	11	44	33	22	11	33	33	33	44	44	11	33	11	22	22	33	33	11	11	33
591	11	33	22	33	33	44	33	11	22	11	11	44	33	22	11	33	33	33	44	44	11	33	11	0	22	33	33	11	11	33
592	11	33	22	33	33	44	33	11	22	11	11	44	33	22	11	33	33	33	44	44	11	33	11	22	22	33	33	11	11	33
593	11	33	22	33	33	44	33	11	22	11	11	44	33	22	11	33	33	33	44	44	11	33	11	0	22	33	33	11	11	33
594	11	33	22	33	33	44	33	11	22	11	11	44	33	22	11	33	33	33	44	44	11	33	11	22	22	33	33	11	11	33
595	11	33	22	33	33	44	33	11	22	11	11	44	33	22	11	33	33	33	44	44	11	33	11	22	22	33	33	11	11	33
596	11	33	22	33	33	44	33	11	22	11	11	44	33	22	11	33	33	33	44	44	11	33	11	0	22	33	33	11	11	33
597	11	33	22	33	33	44	33	11	22	11	11	44	33	22	11	33	33	33	44	44	11	33	11	0	22	33	33	11	11	33
598	11	33	22	33	33	44	33	11	22	11	11	44	33	22	11	33	33	33	44	44	11	33	11	22	22	33	33	11	11	33
599	11	33	22	33	33	44	33	11	22	11	11	44	33	22	11	33	33	33	44	44	11	33	11	22	22	33	33	11	11	33
600	11	33	22	33	33	44	33	11	22	11	11	44	33	22	11	33	33	33	44	44	11	33	11	22	22	33	33	11	11	33
601	11	33	22	33	33	44	33	11	22	11	11	44	33	22	11	33	33	33	44	44	11	33	11	22	22	33	33	11	11	33
602	11	33	22	33	33	44	33	11	22	11	11	44	33	22	11	33	33	33	44	44	11	33	11	0	22	33	33	11	11	33
603	11	33	22	33	33	44	33	11	22	11	11	44	33	22	11	33	33	33	44	44	11	33	11	0	22	33	33	11	11	33
604	11	33	22	33	33	44	33	11	22	11	11	44	33	22	11	33	33	33	44	44	11	33	11	22	22	33	33	11	11	33
605	11	33	22	33	33	44	33	11	22	11	11	44	33	22	11	33	33	33	44	44	11	33	11	22	22	33	33	11	11	33
606	11	33	22	33	33	44	33	11	22	11	11	44	33	22	11	33	33	33	44	44	11	33	11	0	22	33	33	11	11	33
607	11	33	22	33	33	44	33	11	22	11	11	44	33	22	11	33	33	33	44	44	11	33	11	0	22	33	33	11	11	33
608	11	33	22	33	33	44	33	11	22	11	11	44	33	22	11	33	33	33	44	44	11	33	11	0	22	33	33	11	11	33
609	11	33	22	33	33	44	33	11	22	11	11	44	33	22	11	33	33	33	44	44	11	33	11	22	22	33	33	11	11	33
610	11	33	22	33	33	44	33	11	22	11	11	44	33	22	11	33	33	33	44	44	11	33	11	22	22	33	33	11	11	33
611	11	33	22	33	33	44	33	11	22	11	11	44	33	22	11	33	33	33	44	44	11	33	11	22	22	33	33	11	11	33
612	11	33	22	33	33	44	33	11	22	11	11	44	33	22	11	33	33	33	44	44	11	33	11	22	22	33	33	11	11	33
613	11	33	22	33	33	44	33	11	22	11	11	44	33	22	11	33	33	33	44	44	11	33	11	22	22	33	33	11	11	33
614	11	33	22	33	33	44	33	11	22	11	11	44	33	22	11	33	33	33	44	44	11	33	11	22	22	33	33	11	11	33
615	11	33	22	33	33	44	33	11	22	11	11	44	33	22	11	33	33	33	44	44	11	33	11	22	22	33	33	11	11	33
616	33	44	44	44	11	33	11	22	44	33	33	22	11	33	33	11	11	11	11	33	22	11	33	11	33	22	11	44	22	44
617	11	33	22	33	33	44	33	11	22	11	11	44	33	22	11	33	33	33	44	44	11	33	11	22	22	33	33	11	11	33
618	11	33	22	43	33	44	33	11	22	11	11	44	33	22	11	33	33	33	44	44	11	33	11	22	22	33	33	11	11	33
619	11	33	22	33	33	44	33	11	22	11	11	44	33	22	11	33	33	33	44	44	11	33	11	22	22	33	33	11	11	33
620	11	33	22	33	33	44	33	11	22	11	31	44	33	22	11	33	33	33	44	44	11	33	11	22	22	33	33	11	11	33
621	11	33	22	33	33	44	33	11	22	11	11	44	33	22	11	33	33	33	44	44	11	33	11	22	22	33	33	11	11	33
622	33	44	44	44	11	33	11	22	44	33	33	22	11	33	33	11	11	11	11	33	22	11	33	11	33	22	11	44	22	44
623	33	44	44	44	11	33	11	22	44	33	33	22	11	33	33	11	11	11	11	33	22	11	33	11	33	22	11	44	22	44
624	11	33	22	33	33	44	33	11	22	11	11	44	33	22	11	33	33	33	44	44	11	33	11	22	22	33	33	11	11	33
625	33	44	44	44	11	33	11	22	44	33	33	22	11	33	33	11	11	11	11	33	22	11	33	11	33	22	11	44	22	44
626	11	33	22	33	33	44	33	11	22	11	11	44	33	22	11	33	33	33	44	44	11	33	11	22	22	33	33	11	11	33
627	11	33	22	33	33	44	33	11	22	11	11	44	33	22	31	33	33	33	44	44	11	33	11	22	22	33	33	11	11	33
628	11	33	22	33	33	44	33	11	22	31	11	44	33	22	11	33	33	33	44	44	11	33	11	22	22	33	33	11	11	33
629	11	33	22	33	33	44	33	11	22	11	11	44	33	22	31	33	33	33	44	44	11	33	11	22	22	33	33	11	11	33
630	11	33	22	33	33	44	33	11	22	11	11	44	33	22	11	33	33	33	44	44	11	33	11	22	22	33	33	11	11	33
631	11	33	22	33	33	44	33	11	22	11	31	44	33	22	11	33	33	33	44	44	11	33	11	22	22	33	33	11	11	33
632	11	33	22	33	33	44	33	11	22	11	11	44	33	22	11	33	33	33	44	44	11	33	11	22	22	33	33	11	11	33
633	11	33	22	33	13	44	33	11	22	11	11	44	33	22	11	33	33	33	44	44	11	33	11	22	22	33	33	11	11	33
634	11	33	22	33	33	44	33	11	22	11	11	44	33	22	11	33	33	33	44	44	11	33	11	22	22	33	33	11	11	33
635	33	44	44	44	11	33	11	22	44	33	33	22	11	33	33	11	11	11	11	33	22	11	33	11	33	22	11	44	22	44
636	11	33	22	33	33	44	33	11	22	11	11	44	33	22	11	33	33	33	44	44	11	33	11	22	22	33	33	11	11	33
637	33	44	44	44	11	33	11	22	44	33	33	22	11	33	33	11	11	11	11	33	22	11	33	11	33	22	11	44	22	44
638	11	33	22	33	33	44	33	11	22	11	11	44	33	22	11	33	33	33	44	44	11	33	11	22	22	33	33	11	11	33
639	11	33	22	33	33	44	33	11	22	11	11	44	33	22	11	33	33	33	44	44	11	33	11	22	22	33	33	11	11	33
640	11	33	22	33	33	44	33	11	22	11	11	44	33	22	11	33	33	33	44	44	11	33	11	22	22	33	33	11	11	33
641	11	33	22	33	33	44	33	11	22	11	11	44	33	22	11	33	33	33	44	44	11	33	11	22	22	33	33	11	11	33
642	11	33	22	33	33	44	33	11	22	11	11	44	33	22	11	33	33	33	44	44	11	33	11	22	22	33	33	11	11	33
643	11	33	22	33	33	44	33	11	22	11	11	44	33	22	11	33	33	33	44	43	11	33	11	22	22	33	33	11	11	33
644	11	33	22	33	33	44	33	11	22	11	11	44	33	22	11	33	33	33	44	44	11	33	11	22	22	33	33	11	11	33
645	11	33	22	33	33	44	33	11	22	11	11	44	33	22	11	33	33	33	44	44	11	33	11	22	22	33	33	11	11	33
646	11	33	22	33	33	44	33	11	22	11	11	44	33	22	11	33	33	33	44	44	11	33	11	22	22	33	33	11	11	33
647	11	33	22	33	33	44	33	11	22	11	11	44	33	22	11	33	33	33	44	44	11	33	11	22	22	33	33	11	11	33
648	33	44	44	44	11	33	11	22	44	33	33	22	11	33	33	11	11	11	11	33	22	11	33	11	33	22	11	44	22	44
649	11	33	22	33	33	44	33	11	22	11	11	44	33	22	11	33	33	33	44	44	11	33	11	22	22	33	33	11	11	33
650	11	33	22	33	33	44	33	11	22	11	11	44	33	22	11	33	33	33	44	44	11	33	11	22	22	33	33	11	11	33
651	11	33	22	33	33	44	33	11	22	11	11	44	33	22	11	33	33	33	44	44	11	33	11	22	22	33	33	11	11	33
652	11	33	22	33	33	44	33	11	22	11	11	44	33	22	11	33	33	33	44	44	11	33	11	22	22	33	33	11	11	33
653	33	44	44	44	11	33	11	22	44	33	33	22	11	33	33	11	11	11	11	33	22	11	33	11	33	22	11	44	22	44
654	11	33	22	33	33	44	33	11	22	11	11	44	33	22	11	33	33	33	44	44	11	33	11	22	22	33	33	11	11	33
655	11	33	22	33	33	44	33	11	22	11	11	44	33	22	11	33	33	33	44	44	11	33	11	22	22	33	33	11	11	33
656	11	33	22	33	33	44	33	11	22	11	11	44	33	22	11	33	33	33	44	44	11	33	11	22	22	33	33	11	11	33
657	33	44	44	44	11	33	11	22	44	33	33	22	11	33	33	11	11	11	11	33	22	11	33	11	33	22	11	44	22	44
658	11	33	22	33	33	44	33	11	22	11	11	44	33	22	11	33	33	33	44	44	11	33	11	22	22	33	33	11	11	33
659	11	33	22	33	33	44	33	11	22	11	11	44	33	22	11	33	33	33	44	44	11	33	11	22	22	33	33	11	11	33
660	33	44	44	44	11	33	11	22	44	33	33	22	11	33	33	11	11	11	11	33	22	11	33	11	33	22	11	44	22	44
661	11	33	22	33	33	44	33	11	22	11	11	44	33	22	11	33	33	33	44	44	11	33	11	22	22	33	33	11	11	33
662	11	33	22	33	33	44	33	11	22	11	11	44	33	22	11	33	33	33	44	44	11	33	11	22	22	33	33	11	11	33
663	11	33	22	33	33	44	33	11	22	11	11	44	33	22	11	33	33	33	44	44	11	33	11	22	22	33	33	11	11	33
664	33	44	44	44	11	33	11	22	44	33	33	22	11	33	33	11	11	11	11	33	22	11	33	11	33	22	11	44	22	44
665	11	33	22	33	33	44	33	11	22	11	11	44	33	22	11	33	33	33	44	44	11	33	11	22	22	33	33	11	11	33
666	11	33	22	33	33	44	33	11	22	11	11	44	33	22	11	33	33	33	44	44	11	33	11	22	22	33	33	11	11	33
667	11	33	22	33	33	44	33	11	22	11	11	44	33	22	11	33	33	33	44	44	11	33	11	22	22	33	33	11	11	33
668	33	44	44	44	11	33	11	22	44	33	33	22	11	33	33	11	11	11	11	33	22	11	33	11	33	22	11	44	22	44
669	11	33	22	33	33	44	33	11	22	11	11	44	33	22	11	33	33	33	44	44	11	33	11	22	22	33	33	11	11	33
670	31	34	42	33	33	43	33	21	22	31	31	44	33	22	31	13	13	13	44	44	11	31	11	22	22	33	13	11	21	33
671	11	33	22	33	33	44	33	11	22	11	11	44	33	22	11	33	33	33	44	44	11	33	11	22	22	33	33	11	11	33
672	11	33	22	33	33	44	33	11	22	11	11	44	33	22	11	33	33	33	44	44	11	33	11	22	22	33	33	11	11	33
673	11	33	22	33	33	44	33	11	22	11	11	44	33	22	11	33	33	33	44	44	11	33	11	22	22	33	33	11	11	33
674	11	33	22	33	33	44	33	11	22	11	11	44	33	22	11	33	33	33	44	44	11	33	11	22	22	33	33	11	11	33
675	11	33	22	33	33	44	33	11	22	11	11	44	33	22	11	33	33	33	44	44	11	33	11	22	22	33	33	11	11	33
676	11	33	22	33	33	44	33	11	22	11	11	44	33	22	11	33	33	33	44	44	11	33	11	22	22	33	33	11	11	33
677	11	33	22	33	33	44	33	11	22	11	11	44	33	22	11	33	33	33	44	44	11	33	11	22	22	33	33	11	11	33
678	11	33	22	33	33	44	33	11	22	11	11	44	33	22	11	33	33	33	44	44	11	33	11	12	22	33	33	11	11	33
679	11	33	22	33	33	44	33	11	22	11	11	44	33	22	11	33	33	33	44	44	11	33	11	22	22	33	33	11	11	33
680	11	33	22	33	33	44	33	11	22	11	11	44	33	22	11	33	33	33	44	44	11	33	11	22	22	33	33	11	11	33
681	11	33	22	33	33	44	33	11	22	11	11	44	33	22	11	33	33	33	44	44	11	33	11	22	22	33	33	11	11	33
682	11	33	22	33	33	44	33	11	22	11	11	44	33	22	11	33	33	33	44	44	11	33	11	22	22	33	33	11	11	33
683	11	33	22	33	33	44	33	11	22	11	11	44	33	22	11	33	33	33	44	44	11	33	11	22	22	33	33	11	11	33
684	11	33	22	33	33	44	33	11	22	11	11	44	33	22	11	33	33	33	44	44	11	33	11	22	22	33	33	11	11	33
685	11	33	22	33	33	44	33	11	22	11	11	44	33	22	11	33	33	33	44	44	11	33	11	22	22	33	33	11	11	33
686	11	33	22	33	33	44	33	11	22	11	11	44	33	0	11	33	33	33	44	44	11	33	11	22	22	33	33	11	11	33
687	11	33	22	33	33	44	33	11	22	11	11	44	33	22	11	33	33	33	44	44	11	33	11	22	22	33	33	11	11	33
688	11	33	22	33	33	44	33	11	44	11	11	44	33	22	11	33	33	33	44	44	11	33	11	22	22	33	33	11	11	33
689	11	33	22	33	33	44	33	11	22	11	11	44	33	22	11	33	33	33	44	44	11	33	11	22	22	33	33	11	11	33
690	11	33	22	33	33	44	33	11	22	11	11	44	33	22	11	33	33	33	44	44	11	33	11	22	22	33	33	11	11	33
691	11	33	22	33	33	44	33	11	22	11	11	44	33	22	11	33	33	33	44	44	11	33	11	22	22	33	33	11	11	33
692	11	33	22	33	33	44	33	11	22	11	11	44	33	22	11	33	33	33	44	44	11	33	11	22	22	33	33	11	11	33
693	11	33	22	33	33	43	33	11	22	11	11	44	33	22	11	33	33	33	44	44	11	33	11	22	22	33	33	11	11	33
694	11	33	22	33	33	44	33	11	22	11	11	44	33	22	11	33	33	33	44	44	11	33	11	22	22	33	33	11	11	33
695	11	33	22	33	33	44	33	11	22	11	11	44	33	22	11	33	33	33	44	44	11	33	11	22	22	33	33	11	11	33
696	11	33	22	33	33	44	33	11	42	11	11	44	33	22	11	33	33	33	44	44	11	33	11	22	22	33	33	11	11	33
697	11	33	22	33	33	44	33	11	22	11	11	44	33	22	11	33	33	33	44	44	11	33	11	22	22	33	33	11	11	33
698	11	33	22	33	33	44	33	11	22	11	11	44	33	22	11	33	33	33	44	44	11	33	11	22	22	33	33	11	11	33
699	11	33	22	33	33	44	33	11	22	11	11	44	33	22	11	33	33	33	44	44	11	33	11	22	22	33	33	11	11	33
700	11	34	22	33	33	44	33	11	22	11	11	44	33	22	11	33	33	33	44	44	11	33	11	22	22	33	33	11	11	33
701	31	33	42	43	33	44	13	21	22	31	31	24	13	23	11	33	33	13	44	43	21	33	31	22	32	33	33	41	21	43
702	11	33	22	33	33	44	33	11	22	11	11	44	33	22	11	33	33	33	44	44	11	33	11	22	22	33	33	11	11	33
703	11	33	22	33	33	44	33	11	22	11	11	44	33	22	11	33	33	33	44	44	11	33	11	22	22	33	33	11	11	33
704	11	33	22	33	33	44	33	11	42	11	11	44	33	22	11	33	33	33	44	44	11	33	11	22	22	33	33	11	11	33
705	11	33	22	33	33	44	33	11	22	11	11	44	33	22	31	33	33	33	44	44	11	33	11	22	22	33	33	11	11	33
706	11	33	22	33	33	44	33	11	22	11	11	44	33	22	11	33	33	33	44	44	11	33	11	22	22	33	33	11	11	33
707	11	33	22	33	33	44	33	11	22	11	11	44	33	23	11	33	33	33	44	43	21	33	31	22	22	23	33	41	11	43
708	11	33	22	33	33	44	33	11	22	11	11	44	33	22	11	33	33	33	44	44	11	33	11	22	22	33	33	11	11	33
709	11	33	22	33	33	44	33	11	22	11	11	44	33	22	11	33	33	33	44	44	11	33	11	22	22	33	33	11	11	33
710	11	33	22	33	33	44	33	11	22	11	11	44	33	22	11	33	33	33	44	44	11	33	11	22	22	33	33	11	11	33
711	11	33	22	33	33	44	33	11	22	11	11	44	33	22	11	33	33	33	44	44	21	33	11	22	22	33	33	11	11	33
712	11	33	22	33	33	44	33	11	22	11	11	44	33	22	11	33	33	33	44	44	11	33	11	22	22	0	33	11	11	33
713	11	33	22	33	33	44	33	11	22	11	11	44	33	22	11	33	33	33	44	44	11	33	11	22	22	33	33	11	11	33
714	11	33	22	33	33	44	33	11	22	11	11	44	33	22	11	33	33	33	44	44	11	33	11	0	22	33	33	11	11	33
715	11	33	22	33	33	44	33	11	22	11	11	44	33	22	11	33	33	33	44	44	11	33	11	22	22	33	33	11	11	33
716	11	33	22	33	33	44	33	11	22	11	11	44	33	22	11	33	33	33	44	44	11	33	11	22	22	33	33	11	11	33
717	11	33	22	33	33	44	33	11	22	11	11	44	33	22	11	33	33	33	44	44	11	33	11	22	22	33	33	11	11	33
718	11	33	22	33	33	44	33	0	22	11	11	44	33	22	11	33	33	33	44	44	11	33	11	22	22	33	33	11	11	33
719	11	33	22	33	33	44	33	11	22	11	11	44	33	22	11	33	33	33	44	44	11	33	11	22	22	33	33	11	11	33
720	11	33	22	33	33	44	33	11	22	11	11	44	33	22	11	33	33	33	44	44	11	33	11	22	22	33	33	11	11	33
721	11	33	22	33	33	44	33	11	22	11	11	44	33	22	11	33	33	33	44	44	11	33	11	22	22	33	33	11	11	33
722	11	33	22	33	33	44	33	11	22	11	11	44	33	22	11	33	33	33	44	44	11	33	11	22	22	33	33	11	11	33
723	11	33	22	33	33	44	33	11	22	11	11	44	33	22	11	33	33	33	44	44	11	33	11	22	22	33	33	11	11	33
724	11	33	22	33	33	44	33	11	22	11	11	44	33	22	11	0	0	33	44	44	11	33	11	22	22	33	33	11	11	0
725	11	33	22	33	33	44	33	11	22	11	11	44	33	22	11	33	33	33	44	44	11	33	11	22	22	33	33	11	11	33
726	11	33	22	33	33	44	33	11	22	11	11	44	33	22	11	33	33	33	44	44	11	33	11	22	22	33	33	11	11	33
727	31	44	44	44	11	33	11	22	44	33	33	22	11	33	33	11	11	11	11	33	22	11	33	11	33	22	11	44	22	44
728	33	44	44	44	11	33	11	22	44	33	33	22	11	33	33	11	11	11	11	33	22	11	33	11	33	22	11	44	22	44
729	33	44	44	44	11	33	11	22	44	33	33	22	11	33	33	11	11	11	11	33	22	11	33	11	33	22	11	44	22	44
730	11	33	22	33	33	44	33	11	42	11	11	44	33	22	11	33	33	33	44	44	11	33	11	22	22	33	33	11	11	33
731	11	33	22	33	33	44	33	11	22	11	11	44	33	22	11	33	33	33	44	44	11	33	11	22	22	33	33	11	11	33
732	11	33	22	33	33	44	33	11	22	11	11	44	33	22	11	33	33	33	44	44	11	33	11	22	22	33	33	11	11	33
733	11	33	22	33	33	44	33	11	22	11	11	44	33	22	11	33	33	33	44	44	11	33	11	22	22	33	33	11	11	33
734	11	33	22	33	33	44	33	11	22	11	11	44	33	22	11	33	33	33	44	44	11	33	11	22	22	33	33	11	11	33
735	11	33	22	33	33	44	33	11	22	11	11	44	33	22	11	33	33	33	44	44	11	33	11	22	22	33	33	11	11	33
736	11	33	22	33	33	44	33	11	42	11	11	44	33	22	11	33	33	33	44	44	11	33	11	22	22	33	33	11	11	33
737	11	33	22	33	33	44	33	11	22	11	11	44	33	22	11	33	33	33	44	44	11	33	11	22	22	33	33	11	11	33
738	11	33	22	33	33	44	33	11	22	11	11	44	33	22	11	33	33	33	44	44	11	33	11	22	22	33	33	11	11	33
739	11	33	22	33	33	44	33	11	22	11	11	44	33	22	11	33	33	33	44	44	11	33	11	22	22	33	33	11	11	33
740	11	33	22	33	33	44	33	11	22	11	11	44	33	22	11	33	33	33	44	44	11	33	11	22	22	33	33	11	11	33
741	11	33	22	33	33	44	33	11	22	11	11	44	33	22	11	33	33	33	44	44	11	33	11	22	22	33	33	11	11	33
742	11	33	22	33	33	44	33	11	22	11	11	44	33	22	11	33	33	33	44	44	11	33	11	22	22	33	33	11	11	33
743	31	34	42	43	13	43	13	21	42	31	31	24	13	23	31	13	13	13	14	43	21	31	31	12	32	23	13	41	22	43
744	11	33	22	33	33	44	33	11	22	11	11	44	33	22	11	33	33	33	44	44	11	33	11	22	22	33	33	11	11	33
745	11	33	22	33	33	44	33	11	22	11	11	44	33	22	11	33	33	33	44	44	11	33	11	22	22	33	33	11	11	33
746	11	33	22	33	33	44	33	11	22	11	11	44	33	22	11	33	33	33	44	44	21	33	11	22	22	33	33	11	11	33
747	11	33	22	33	33	44	33	11	22	11	11	44	33	22	11	33	33	33	44	44	11	33	11	22	22	33	33	11	11	33
748	11	33	22	33	33	44	33	11	22	11	11	44	33	22	11	33	33	33	44	44	11	33	11	22	22	33	33	11	11	33
749	11	33	22	33	33	44	33	11	22	11	11	44	33	22	11	33	33	33	44	44	11	33	11	22	22	33	33	11	11	33
750	11	33	22	33	33	44	33	11	22	11	11	44	33	22	11	33	33	33	44	44	21	33	11	22	22	33	33	11	11	33
751	11	33	22	33	33	44	33	11	22	11	11	44	33	22	11	33	33	33	44	44	11	33	11	22	22	33	33	11	11	33
752	11	33	22	33	33	44	33	11	22	11	11	44	33	22	11	33	33	33	44	44	11	33	11	22	22	33	33	11	11	33
753	11	33	22	33	33	44	33	11	22	11	11	44	33	22	11	33	33	33	44	44	11	33	11	22	22	33	33	11	11	33
754	11	33	22	33	33	44	33	11	22	11	11	44	33	22	11	33	33	33	44	44	11	33	11	22	22	33	33	11	11	33
755	11	33	22	33	33	44	33	11	42	11	11	44	33	22	11	33	33	33	44	44	11	33	11	22	22	33	33	11	11	33
756	11	33	22	33	33	44	33	11	22	11	11	44	33	22	11	33	33	33	44	44	11	33	11	22	22	33	33	11	11	33
757	31	34	42	43	13	43	33	11	22	31	31	44	33	23	31	33	33	33	44	43	21	31	31	22	32	22	11	41	21	43
758	11	33	22	33	33	44	33	11	22	11	11	44	33	22	11	33	33	33	44	44	11	33	11	22	22	33	33	11	11	33
759	11	33	22	33	33	44	33	11	22	11	11	44	33	22	11	33	33	33	44	44	11	33	11	22	22	33	33	11	11	33
760	33	44	44	44	11	33	11	22	44	33	33	22	11	33	33	11	11	11	11	33	22	11	33	11	33	22	11	44	0	44
761	33	44	44	44	11	33	11	22	44	33	33	22	11	33	33	11	11	11	11	33	22	11	33	11	33	22	11	44	22	44
762	33	44	44	44	11	33	11	22	44	33	33	22	11	33	33	11	11	11	11	33	22	11	33	11	33	22	11	44	22	44
763	33	44	44	44	11	33	11	22	44	33	33	22	11	33	33	11	11	11	11	33	22	11	33	11	33	22	11	44	22	44
764	33	44	44	44	11	33	11	22	44	33	33	22	11	33	33	11	11	11	11	33	22	11	33	11	33	22	11	44	22	44
765	33	44	44	44	11	33	11	22	44	33	33	22	11	33	33	11	11	11	11	33	22	11	33	11	33	22	11	44	22	44
766	11	33	22	33	33	44	33	11	22	11	11	44	33	22	11	33	33	33	44	44	11	33	11	22	22	33	33	11	11	33
767	11	33	22	33	33	44	33	11	22	11	11	44	33	22	11	33	33	33	44	44	11	33	11	22	22	33	33	11	11	33
768	11	33	22	33	33	44	33	11	22	11	11	44	33	22	11	33	33	33	44	44	11	33	11	22	22	33	33	11	11	33
769	11	33	22	33	33	44	33	11	22	11	11	44	33	22	11	33	33	33	44	44	11	33	11	22	22	33	33	11	11	33
770	33	44	44	44	11	33	11	22	44	33	33	22	11	33	33	11	11	11	11	33	22	11	33	11	33	22	11	44	22	44
771	33	44	44	44	11	33	11	22	44	33	33	22	11	33	33	11	11	11	11	33	22	11	33	11	33	22	11	44	22	44
772	11	33	22	33	33	44	33	11	22	11	11	44	33	22	11	33	33	33	44	44	11	33	11	22	22	33	33	11	11	33
773	11	33	22	33	33	44	33	11	22	11	11	44	33	22	11	33	33	33	44	44	11	33	11	22	22	33	33	11	11	33
774	33	44	44	44	11	33	11	22	44	33	33	22	11	33	33	11	11	11	11	33	22	11	33	11	33	22	11	44	22	44
775	33	44	44	44	11	33	11	22	44	33	33	22	11	33	33	11	11	11	11	33	22	11	33	11	33	22	11	44	22	44
776	33	44	44	44	11	33	11	22	44	33	33	22	11	33	33	11	11	11	11	33	22	11	33	11	33	22	11	44	22	44
777	33	44	44	44	11	33	11	22	44	33	33	22	11	33	33	11	11	11	11	33	22	11	33	11	33	22	11	44	22	44
778	33	44	44	44	11	33	11	22	44	33	33	22	11	33	33	11	11	11	11	33	22	11	33	11	33	22	11	44	22	44
779	33	44	44	44	11	33	11	22	44	33	33	22	11	33	33	11	11	11	11	33	22	11	33	11	33	22	11	44	22	44
780	33	44	44	44	11	33	11	22	44	33	33	22	11	33	33	11	11	11	11	33	22	11	33	11	33	22	11	44	22	44
781	11	33	22	33	33	44	33	11	22	11	11	44	33	22	11	33	33	33	44	44	11	33	11	22	22	33	33	11	11	33
782	11	33	22	33	33	44	33	11	22	11	11	44	33	22	11	33	33	33	44	44	11	33	11	22	22	33	33	11	11	0
783	11	33	22	33	33	44	33	11	22	11	11	44	33	22	11	33	33	33	44	44	11	33	11	22	22	33	33	11	11	33
784	11	33	22	33	33	44	33	11	22	11	11	44	33	22	11	33	33	33	44	44	11	33	11	22	22	33	33	11	11	33
785	11	33	22	33	33	44	33	11	22	11	11	44	33	22	11	33	33	33	44	44	11	33	11	22	22	33	33	11	11	33
786	11	33	22	33	33	44	33	11	22	11	11	44	33	22	11	33	33	33	44	44	21	33	11	22	22	33	33	11	11	33
787	11	33	22	33	33	44	33	11	22	11	11	44	33	22	11	33	33	33	44	44	11	33	11	22	22	33	33	11	11	33
788	11	33	22	33	33	44	33	11	22	11	11	44	33	22	11	33	33	33	44	44	11	33	11	22	22	33	33	11	11	33
789	11	33	22	33	33	44	33	11	22	11	11	44	33	22	11	33	33	33	44	44	11	33	11	22	22	33	33	11	11	33
790	11	33	22	33	33	44	33	11	22	11	31	44	33	22	11	33	33	33	44	44	11	33	11	22	22	33	33	11	11	33
791	31	34	42	43	13	43	13	21	42	31	31	24	13	23	31	13	13	13	14	43	21	31	31	12	32	23	13	41	21	43
792	11	33	22	33	33	44	33	11	22	11	11	44	33	22	11	33	33	33	44	44	11	33	11	22	22	33	33	11	11	33
793	11	33	22	33	33	44	33	11	22	11	11	44	33	22	11	33	33	33	44	44	11	33	11	22	22	33	33	11	11	33
794	33	44	44	44	11	33	11	22	44	33	33	22	11	33	33	11	11	11	11	33	22	11	33	11	33	22	11	44	22	44
795	33	44	44	44	11	33	11	22	44	33	33	22	11	33	33	11	11	11	11	33	22	11	33	11	33	22	11	44	22	44
796	33	44	44	44	11	33	11	22	44	33	33	22	11	33	33	11	11	11	11	33	22	11	33	11	33	22	11	44	22	44
797	11	33	22	33	33	44	33	11	22	11	11	44	33	22	11	33	33	33	44	44	11	33	11	22	22	33	33	11	11	33
798	33	44	44	44	11	33	11	22	44	33	33	22	11	33	33	11	11	11	11	33	22	11	33	11	33	22	11	44	22	44
799	33	44	44	44	11	33	11	22	44	33	33	22	11	33	33	11	11	11	11	33	22	11	33	11	33	22	11	44	22	44
800	33	44	44	44	11	33	11	22	44	33	33	22	11	33	33	11	11	11	11	33	22	11	33	11	33	22	11	44	22	44
801	33	44	44	44	11	33	11	22	44	33	33	22	11	33	33	11	11	11	11	33	22	11	33	11	33	22	11	44	22	44
802	11	33	22	33	33	44	33	11	22	11	11	44	33	22	11	33	33	33	44	44	11	33	11	22	22	33	33	11	11	33
803	11	33	22	33	33	44	33	11	22	11	11	44	33	22	11	33	33	33	44	44	11	33	11	22	22	33	33	11	11	33
804	11	33	22	33	33	44	33	11	22	11	11	44	33	22	11	33	33	33	44	44	11	33	11	22	22	33	33	11	11	33
805	11	33	22	33	33	44	33	11	42	11	11	44	33	22	11	33	33	33	44	44	11	33	11	22	22	33	33	11	11	33
806	11	33	22	33	33	43	33	11	22	11	11	44	33	22	11	33	33	33	44	44	11	33	11	22	22	33	33	11	11	33
807	33	44	44	44	11	33	11	22	44	33	33	22	11	33	33	11	11	11	11	33	22	11	33	11	33	22	11	44	22	44
808	33	44	44	44	11	33	11	22	44	33	33	22	11	33	33	11	11	11	11	33	22	11	33	11	33	22	11	44	22	44
809	33	44	44	44	11	33	11	22	44	33	33	22	11	33	33	11	11	11	11	33	22	11	33	11	33	22	11	44	22	44
810	11	33	22	33	33	44	33	11	22	11	11	44	33	22	11	33	33	33	44	44	11	33	11	22	22	33	33	11	11	33
811	11	33	22	33	33	44	33	11	22	11	11	44	33	22	11	33	33	33	44	44	11	33	11	22	22	33	33	11	11	33
812	31	34	42	43	13	43	13	21	42	31	31	24	13	23	31	13	13	13	14	43	21	31	31	12	32	23	13	41	21	43
813	33	44	44	44	11	33	11	22	44	33	33	22	11	33	33	11	11	11	11	33	22	11	33	11	33	22	11	44	22	44
814	33	44	44	44	11	33	11	22	44	33	33	22	11	33	33	11	11	11	11	33	22	11	33	11	33	22	11	44	22	44
815	31	34	42	43	13	43	13	21	42	31	31	24	13	23	31	13	13	13	14	43	21	31	31	12	32	23	13	41	21	43
816	11	33	22	33	33	44	33	11	22	11	11	44	33	22	11	33	33	33	44	44	11	33	11	22	22	33	33	11	11	33
817	11	33	22	33	33	44	33	11	22	11	11	44	33	22	11	33	33	33	44	44	11	33	11	22	22	33	33	11	11	33
818	33	44	44	44	11	33	11	22	44	33	33	22	11	33	33	11	11	11	11	33	22	11	33	11	33	22	11	44	22	44
819	33	44	44	44	11	33	11	22	44	33	33	22	11	33	33	11	11	11	11	33	22	11	33	11	33	22	11	44	22	44
820	33	44	44	44	11	33	11	22	44	33	33	22	11	33	33	11	11	11	11	33	22	11	33	11	33	22	11	44	22	44
821	11	33	22	33	33	44	13	11	22	11	11	44	33	22	11	33	33	33	44	44	11	33	11	22	22	33	33	11	11	33
822	11	33	22	33	33	44	33	11	22	11	11	44	33	22	11	33	33	33	44	44	21	33	11	22	22	33	33	11	11	33
823	11	33	22	33	33	44	33	11	22	11	11	44	33	22	11	33	33	33	44	44	11	33	11	22	22	33	33	11	11	33
824	33	44	44	44	11	33	11	22	44	33	33	22	11	33	33	11	11	11	11	33	22	11	33	11	33	22	11	44	22	44
825	33	44	44	44	11	33	11	22	44	33	33	22	11	33	33	11	11	11	11	33	22	11	33	11	33	22	11	44	22	44
826	33	44	44	44	11	33	11	22	44	33	33	22	11	33	33	11	11	11	11	33	22	11	33	11	33	22	11	44	22	44
827	33	44	44	44	11	33	11	22	44	33	33	22	11	33	33	11	11	11	11	33	22	11	33	11	33	22	11	44	22	44
828	33	44	44	44	11	33	11	22	44	33	33	22	11	33	33	11	11	11	11	33	22	11	33	11	33	22	11	44	22	44
829	33	44	44	44	11	33	11	22	44	33	33	22	11	33	33	11	11	11	11	33	22	11	33	11	33	22	11	44	22	44
830	33	44	44	44	11	33	11	22	44	33	33	22	11	33	33	11	11	11	11	33	22	11	33	11	33	22	11	44	22	44
831	33	44	44	44	11	33	11	22	44	33	33	22	11	33	33	11	11	11	11	33	22	11	33	11	33	22	11	44	22	44
832	33	44	44	44	11	33	11	22	44	33	33	22	11	33	33	11	11	11	11	33	22	11	33	11	33	22	11	44	22	44
833	33	44	44	44	11	33	11	22	44	33	33	22	11	33	33	11	11	11	11	33	22	11	33	11	33	22	11	44	22	44
834	33	44	44	44	11	33	11	22	44	33	33	22	11	33	33	11	11	11	11	33	22	11	33	11	33	22	11	44	22	44
835	33	44	44	44	11	33	11	22	44	33	33	22	11	33	33	11	11	11	11	33	22	11	33	11	33	22	11	44	22	44
836	33	44	44	44	11	33	11	22	44	33	33	22	11	33	33	11	11	11	11	33	22	11	33	11	33	22	11	44	22	44
837	11	33	22	33	33	44	33	11	22	11	11	44	33	22	11	33	33	33	44	44	11	33	11	22	22	33	33	11	11	33
838	11	33	22	33	33	44	33	11	22	11	11	44	33	22	11	33	33	33	44	44	11	33	11	22	22	33	33	11	11	33
839	11	33	22	33	33	44	33	11	22	11	11	44	33	22	11	33	33	33	44	44	11	33	11	22	22	33	33	11	11	33
840	11	33	22	33	33	44	33	11	42	11	11	44	33	22	11	33	33	33	44	44	11	33	11	22	22	33	33	11	11	33
841	11	33	22	33	33	44	33	11	22	11	11	44	33	22	11	33	33	33	44	44	11	33	11	22	22	33	33	11	11	33
842	11	33	22	33	33	44	33	11	22	11	11	44	33	22	11	33	33	33	44	44	11	33	11	22	22	33	33	11	11	33
843	33	44	44	44	11	33	11	22	44	33	33	22	11	33	33	11	11	11	11	33	22	11	33	11	33	22	11	44	22	44
844	31	34	42	43	13	43	13	21	42	31	31	24	13	23	31	13	13	13	14	43	21	31	31	12	32	23	13	41	21	43
845	31	34	42	43	13	43	13	11	22	31	31	44	13	23	11	13	13	13	44	43	11	31	11	12	32	23	13	11	11	33
846	33	44	44	44	11	33	11	22	44	33	33	22	11	33	33	11	11	11	11	33	22	11	33	11	33	22	11	44	22	44
847	33	44	44	44	11	33	11	22	44	33	33	22	11	33	33	11	11	11	11	33	22	11	33	11	33	22	11	44	22	44
848	33	44	44	44	11	0	11	22	44	33	33	22	11	33	33	11	11	11	11	33	22	11	33	11	33	22	11	44	22	44
849	33	44	44	44	11	33	11	22	44	33	33	22	11	33	33	11	11	11	11	33	22	11	33	11	33	22	11	44	22	44
850	33	44	44	44	11	33	11	22	44	33	33	22	11	33	33	11	11	11	11	33	22	11	33	11	33	22	11	44	22	44
851	33	44	44	44	11	33	11	22	44	33	33	22	11	33	33	11	11	11	11	33	22	11	33	11	33	22	11	44	22	44
852	33	44	44	44	11	33	11	22	44	33	33	22	11	33	33	11	11	11	11	33	22	11	33	11	33	22	11	44	22	44
853	33	44	44	44	11	33	11	22	44	0	33	22	11	33	33	11	11	11	11	33	22	11	33	11	33	22	11	44	22	44
854	33	44	44	44	11	33	11	22	44	33	33	22	11	33	33	11	11	11	11	33	22	11	33	11	33	22	11	44	22	44
855	33	44	44	44	11	33	11	22	44	33	33	22	11	33	33	11	11	11	11	33	22	11	33	11	33	22	11	44	22	44
856	33	44	44	44	11	33	11	22	44	33	33	22	11	33	33	11	11	11	11	33	22	11	33	11	33	22	11	44	22	44
857	33	44	44	44	11	33	11	22	44	33	33	22	11	33	33	11	11	11	11	33	22	11	33	11	33	22	11	44	22	44
858	33	44	44	44	11	33	11	22	44	33	33	22	11	33	33	11	11	11	11	33	22	11	33	11	33	22	11	44	22	44
859	33	44	44	44	11	33	11	22	44	33	33	22	11	33	33	11	11	11	11	33	22	11	33	11	33	22	11	44	22	44
860	33	44	44	44	11	33	11	22	44	33	33	22	11	33	33	11	11	11	11	33	22	11	33	11	33	22	11	44	22	44
861	33	44	44	44	11	33	11	22	44	33	33	22	11	33	33	11	11	11	11	33	22	11	33	11	33	22	11	44	22	44
862	33	44	44	44	11	33	11	22	44	33	33	22	11	33	33	11	11	11	11	33	22	11	33	11	33	22	11	44	22	44
863	33	44	44	44	11	33	11	22	44	33	33	22	11	33	33	11	11	11	11	33	22	11	33	11	33	22	11	44	22	44
864	33	44	44	44	11	33	11	22	44	33	33	22	11	33	33	11	11	11	11	33	22	11	33	11	33	22	11	44	22	44
865	33	44	44	44	11	33	11	22	44	33	33	22	11	33	33	11	11	11	11	33	22	11	33	11	33	22	11	44	22	44
866	33	44	44	44	11	33	11	22	44	33	33	22	11	33	33	11	11	11	11	33	22	11	33	11	33	22	11	44	22	44
867	33	44	44	44	11	33	11	22	44	33	33	22	11	33	33	11	11	11	11	33	22	11	33	11	33	22	11	44	22	44
868	33	44	44	44	11	33	11	22	44	33	33	22	11	33	33	11	11	11	11	33	22	11	33	11	33	22	11	44	22	44
869	33	44	44	44	11	33	11	22	44	33	33	22	11	33	33	11	11	11	11	33	22	11	33	11	33	22	11	44	22	44
870	33	44	44	44	11	33	11	22	44	33	33	22	11	33	33	11	11	11	11	33	22	11	33	11	33	22	11	44	22	44
871	33	44	44	44	11	33	11	22	44	33	33	22	11	33	33	11	11	11	11	33	22	11	33	11	33	22	11	44	22	44
872	33	44	44	44	11	33	11	22	44	33	33	22	11	33	33	11	11	11	11	33	22	11	33	11	33	22	11	44	22	44
873	33	44	44	44	11	33	11	22	44	33	33	22	11	33	33	11	11	11	11	33	22	11	33	11	33	22	11	44	22	44
874	33	44	44	44	11	33	11	22	44	33	33	22	11	33	33	11	11	11	11	33	22	11	33	11	33	22	11	44	22	44
875	33	44	44	44	11	33	11	22	44	33	33	22	11	33	33	11	11	11	11	33	22	11	33	11	33	22	11	44	22	44
876	11	33	22	33	33	44	33	11	22	11	11	44	33	22	11	33	33	33	44	44	11	33	11	22	22	33	33	11	11	33
